id,week,daydperweek,sessionsperweek06c894610,1,5,0
06c894610,2,6,5
06c894610,3,2,0
06c894610,4,2,0
06c894610,5,0,0
06c894610,6,0,0
06c894610,7,0,0
06c894610,8,0,0
0deaecac0,1,1,0
0deaecac0,2,0,0
0deaecac0,3,0,0
0deaecac0,4,0,0
0deaecac0,5,0,0
0deaecac0,6,0,0
0deaecac0,7,0,0
0deaecac0,8,0,0
0df2a3e83,1,0,0
0df2a3e83,2,0,0
0df2a3e83,3,0,0
0df2a3e83,4,0,0
0df2a3e83,5,0,0
0df2a3e83,6,0,0
0df2a3e83,7,0,0
0df2a3e83,8,0,0
1432cf5bc,1,0,0
1432cf5bc,2,0,0
1432cf5bc,3,0,0
1432cf5bc,4,2,0
1432cf5bc,5,0,0
1432cf5bc,6,0,0
1432cf5bc,7,0,0
1432cf5bc,8,0,0
14b635cf6,1,1,0
14b635cf6,2,0,0
14b635cf6,3,0,0
14b635cf6,4,0,0
14b635cf6,5,0,0
14b635cf6,6,0,0
14b635cf6,7,0,0
14b635cf6,8,0,0
1a2b3c4d5,1,0,0
1a2b3c4d5,2,0,0
1a2b3c4d5,3,0,0
1a2b3c4d5,4,0,0
1a2b3c4d5,5,2,0
1a2b3c4d5,6,1,0
1a2b3c4d5,7,0,0
1a2b3c4d5,8,0,0
1b15cc98b,1,5,3
1b15cc98b,2,3,8
1b15cc98b,3,5,0
1b15cc98b,4,2,0
1b15cc98b,5,4,15
1b15cc98b,6,1,4
1b15cc98b,7,0,0
1b15cc98b,8,0,0
1b1f8c580,1,2,0
1b1f8c580,2,0,0
1b1f8c580,3,0,0
1b1f8c580,4,0,0
1b1f8c580,5,0,0
1b1f8c580,6,0,0
1b1f8c580,7,0,0
1b1f8c580,8,0,0
24040b457,1,1,0
24040b457,2,0,0
24040b457,3,0,0
24040b457,4,0,0
24040b457,5,0,0
24040b457,6,0,0
24040b457,7,0,0
24040b457,8,0,0
241b13d90,1,1,0
241b13d90,2,0,0
241b13d90,3,0,0
241b13d90,4,0,0
241b13d90,5,0,0
241b13d90,6,0,0
241b13d90,7,0,0
241b13d90,8,0,0
25ae63868,1,0,0
25ae63868,2,0,0
25ae63868,3,0,0
25ae63868,4,0,0
25ae63868,5,0,0
25ae63868,6,0,0
25ae63868,7,0,0
25ae63868,8,0,0
28b8f3b28,1,0,0
28b8f3b28,2,0,0
28b8f3b28,3,0,0
28b8f3b28,4,0,0
28b8f3b28,5,0,0
28b8f3b28,6,0,0
28b8f3b28,7,0,0
28b8f3b28,8,0,0
290f68400,1,2,6
290f68400,2,2,0
290f68400,3,0,0
290f68400,4,0,0
290f68400,5,0,0
290f68400,6,2,0
290f68400,7,0,0
290f68400,8,0,0
29b5f76de,1,0,0
29b5f76de,2,0,0
29b5f76de,3,0,0
29b5f76de,4,0,0
29b5f76de,5,0,0
29b5f76de,6,0,0
29b5f76de,7,0,0
29b5f76de,8,0,0
2e650f182,1,4,0
2e650f182,2,2,0
2e650f182,3,3,0
2e650f182,4,5,11
2e650f182,5,6,0
2e650f182,6,4,10
2e650f182,7,0,0
2e650f182,8,0,0
3129c5df4,1,3,0
3129c5df4,2,1,0
3129c5df4,3,1,0
3129c5df4,4,0,0
3129c5df4,5,0,0
3129c5df4,6,0,0
3129c5df4,7,0,0
3129c5df4,8,0,0
43a1176a0,1,4,14
43a1176a0,2,1,1
43a1176a0,3,4,18
43a1176a0,4,6,65
43a1176a0,5,4,0
43a1176a0,6,4,0
43a1176a0,7,0,0
43a1176a0,8,0,0
447d58a4a,1,1,0
447d58a4a,2,0,0
447d58a4a,3,0,0
447d58a4a,4,0,0
447d58a4a,5,0,0
447d58a4a,6,0,0
447d58a4a,7,0,0
447d58a4a,8,0,0
49a024d24,1,1,0
49a024d24,2,0,0
49a024d24,3,0,0
49a024d24,4,0,0
49a024d24,5,0,0
49a024d24,6,0,0
49a024d24,7,0,0
49a024d24,8,0,0
4d25d3ae6,1,0,0
4d25d3ae6,2,1,0
4d25d3ae6,3,0,0
4d25d3ae6,4,0,0
4d25d3ae6,5,0,0
4d25d3ae6,6,0,0
4d25d3ae6,7,0,0
4d25d3ae6,8,0,0
4f216a88f,1,0,0
4f216a88f,2,0,0
4f216a88f,3,0,0
4f216a88f,4,0,0
4f216a88f,5,0,0
4f216a88f,6,0,0
4f216a88f,7,0,0
4f216a88f,8,0,0
52b352f01,1,1,0
52b352f01,2,0,0
52b352f01,3,0,0
52b352f01,4,0,0
52b352f01,5,0,0
52b352f01,6,0,0
52b352f01,7,0,0
52b352f01,8,0,0
530dc442d,1,3,27
530dc442d,2,6,128
530dc442d,3,6,102
530dc442d,4,7,303
530dc442d,5,6,20
530dc442d,6,7,61
530dc442d,7,0,0
530dc442d,8,0,0
576c02e4a,1,0,0
576c02e4a,2,0,0
576c02e4a,3,1,0
576c02e4a,4,0,0
576c02e4a,5,0,0
576c02e4a,6,0,0
576c02e4a,7,0,0
576c02e4a,8,0,0
58313777a,1,3,0
58313777a,2,2,0
58313777a,3,3,0
58313777a,4,1,0
58313777a,5,0,0
58313777a,6,1,0
58313777a,7,0,0
58313777a,8,0,0
5a8d65597,1,0,0
5a8d65597,2,0,0
5a8d65597,3,4,0
5a8d65597,4,6,186
5a8d65597,5,2,0
5a8d65597,6,1,0
5a8d65597,7,0,0
5a8d65597,8,0,0
5d57ea410,1,1,0
5d57ea410,2,0,0
5d57ea410,3,0,0
5d57ea410,4,0,0
5d57ea410,5,0,0
5d57ea410,6,0,0
5d57ea410,7,0,0
5d57ea410,8,0,0
5e0b5e21d,1,0,0
5e0b5e21d,2,0,0
5e0b5e21d,3,1,0
5e0b5e21d,4,0,0
5e0b5e21d,5,0,0
5e0b5e21d,6,0,0
5e0b5e21d,7,0,0
5e0b5e21d,8,0,0
61bdbe9c0,1,3,19
61bdbe9c0,2,5,142
61bdbe9c0,3,6,47
61bdbe9c0,4,6,14
61bdbe9c0,5,5,9
61bdbe9c0,6,1,0
61bdbe9c0,7,0,0
61bdbe9c0,8,0,0
66684cd34,1,2,0
66684cd34,2,0,0
66684cd34,3,0,0
66684cd34,4,1,0
66684cd34,5,0,0
66684cd34,6,0,0
66684cd34,7,0,0
66684cd34,8,0,0
669b7b0fe,1,1,0
669b7b0fe,2,0,0
669b7b0fe,3,0,0
669b7b0fe,4,0,0
669b7b0fe,5,0,0
669b7b0fe,6,0,0
669b7b0fe,7,0,0
669b7b0fe,8,0,0
67bc7a71c,1,3,0
67bc7a71c,2,0,0
67bc7a71c,3,0,0
67bc7a71c,4,0,0
67bc7a71c,5,0,0
67bc7a71c,6,0,0
67bc7a71c,7,0,0
67bc7a71c,8,0,0
681e10d18,1,2,0
681e10d18,2,0,0
681e10d18,3,0,0
681e10d18,4,0,0
681e10d18,5,0,0
681e10d18,6,0,0
681e10d18,7,0,0
681e10d18,8,0,0
6e1ffbb96,1,4,0
6e1ffbb96,2,3,0
6e1ffbb96,3,4,16
6e1ffbb96,4,4,0
6e1ffbb96,5,4,3
6e1ffbb96,6,2,0
6e1ffbb96,7,0,0
6e1ffbb96,8,0,0
711e5927b,1,4,0
711e5927b,2,0,0
711e5927b,3,0,0
711e5927b,4,0,0
711e5927b,5,0,0
711e5927b,6,0,0
711e5927b,7,0,0
711e5927b,8,0,0
739284e3d,1,0,0
739284e3d,2,0,0
739284e3d,3,0,0
739284e3d,4,0,0
739284e3d,5,0,0
739284e3d,6,0,0
739284e3d,7,0,0
739284e3d,8,0,0
765a66baf,1,3,0
765a66baf,2,2,0
765a66baf,3,0,0
765a66baf,4,0,0
765a66baf,5,0,0
765a66baf,6,0,0
765a66baf,7,0,0
765a66baf,8,0,0
81b4aeaae,1,7,118
81b4aeaae,2,5,123
81b4aeaae,3,7,35
81b4aeaae,4,7,97
81b4aeaae,5,3,0
81b4aeaae,6,5,76
81b4aeaae,7,0,0
81b4aeaae,8,0,0
843617da0,1,3,0
843617da0,2,0,0
843617da0,3,1,0
843617da0,4,0,0
843617da0,5,0,0
843617da0,6,0,0
843617da0,7,0,0
843617da0,8,0,0
843c87f46,1,1,0
843c87f46,2,0,0
843c87f46,3,0,0
843c87f46,4,0,0
843c87f46,5,0,0
843c87f46,6,0,0
843c87f46,7,0,0
843c87f46,8,0,0
84a2beac0,1,1,0
84a2beac0,2,0,0
84a2beac0,3,0,0
84a2beac0,4,0,0
84a2beac0,5,0,0
84a2beac0,6,0,0
84a2beac0,7,0,0
84a2beac0,8,0,0
8972a5d80,1,2,0
8972a5d80,2,2,0
8972a5d80,3,0,0
8972a5d80,4,1,0
8972a5d80,5,1,0
8972a5d80,6,1,0
8972a5d80,7,0,0
8972a5d80,8,0,0
8bd77ca12,1,3,0
8bd77ca12,2,3,4
8bd77ca12,3,4,0
8bd77ca12,4,4,112
8bd77ca12,5,5,13
8bd77ca12,6,7,202
8bd77ca12,7,0,0
8bd77ca12,8,0,0
8c160a3e0,1,0,0
8c160a3e0,2,2,0
8c160a3e0,3,0,0
8c160a3e0,4,0,0
8c160a3e0,5,0,0
8c160a3e0,6,0,0
8c160a3e0,7,0,0
8c160a3e0,8,0,0
99a674c70,1,2,8
99a674c70,2,3,15
99a674c70,3,4,41
99a674c70,4,4,59
99a674c70,5,4,0
99a674c70,6,6,50
99a674c70,7,0,0
99a674c70,8,0,0
9fea395f4,1,2,0
9fea395f4,2,1,0
9fea395f4,3,2,0
9fea395f4,4,0,0
9fea395f4,5,1,0
9fea395f4,6,0,0
9fea395f4,7,0,0
9fea395f4,8,0,0
a29396f60,1,3,0
a29396f60,2,0,0
a29396f60,3,0,0
a29396f60,4,0,0
a29396f60,5,0,0
a29396f60,6,0,0
a29396f60,7,0,0
a29396f60,8,0,0
a9a0c14da,1,0,0
a9a0c14da,2,0,0
a9a0c14da,3,0,0
a9a0c14da,4,0,0
a9a0c14da,5,0,0
a9a0c14da,6,0,0
a9a0c14da,7,0,0
a9a0c14da,8,0,0
abcde6789,1,2,0
abcde6789,2,3,0
abcde6789,3,3,0
abcde6789,4,2,0
abcde6789,5,1,0
abcde6789,6,1,0
abcde6789,7,0,0
abcde6789,8,0,0
b562b0600,1,1,0
b562b0600,2,0,0
b562b0600,3,0,0
b562b0600,4,0,0
b562b0600,5,0,0
b562b0600,6,0,0
b562b0600,7,0,0
b562b0600,8,0,0
b6f6f90f4,1,1,0
b6f6f90f4,2,0,0
b6f6f90f4,3,0,0
b6f6f90f4,4,0,0
b6f6f90f4,5,0,0
b6f6f90f4,6,0,0
b6f6f90f4,7,0,0
b6f6f90f4,8,0,0
b8f49e310,1,1,0
b8f49e310,2,1,0
b8f49e310,3,2,0
b8f49e310,4,0,0
b8f49e310,5,0,0
b8f49e310,6,0,0
b8f49e310,7,0,0
b8f49e310,8,0,0
bcb418906,1,1,0
bcb418906,2,3,34
bcb418906,3,3,0
bcb418906,4,4,0
bcb418906,5,1,0
bcb418906,6,3,0
bcb418906,7,0,0
bcb418906,8,0,0
c0fe8de08,1,1,0
c0fe8de08,2,0,0
c0fe8de08,3,0,0
c0fe8de08,4,0,0
c0fe8de08,5,0,0
c0fe8de08,6,0,0
c0fe8de08,7,0,0
c0fe8de08,8,0,0
c640d6860,1,1,0
c640d6860,2,0,0
c640d6860,3,0,0
c640d6860,4,0,0
c640d6860,5,0,0
c640d6860,6,0,0
c640d6860,7,0,0
c640d6860,8,0,0
cce198a54,1,1,0
cce198a54,2,1,0
cce198a54,3,0,0
cce198a54,4,0,0
cce198a54,5,0,0
cce198a54,6,0,0
cce198a54,7,0,0
cce198a54,8,0,0
d55c77050,1,4,0
d55c77050,2,4,15
d55c77050,3,6,0
d55c77050,4,3,0
d55c77050,5,2,0
d55c77050,6,1,0
d55c77050,7,0,0
d55c77050,8,0,0
db920f9e6,1,7,37
db920f9e6,2,6,22
db920f9e6,3,1,0
db920f9e6,4,0,0
db920f9e6,5,0,0
db920f9e6,6,0,0
db920f9e6,7,0,0
db920f9e6,8,0,0
de4e8e3b2,1,0,0
de4e8e3b2,2,0,0
de4e8e3b2,3,0,0
de4e8e3b2,4,0,0
de4e8e3b2,5,0,0
de4e8e3b2,6,0,0
de4e8e3b2,7,0,0
de4e8e3b2,8,0,0
e42658209,1,2,0
e42658209,2,0,0
e42658209,3,0,0
e42658209,4,0,0
e42658209,5,0,0
e42658209,6,0,0
e42658209,7,0,0
e42658209,8,0,0
f0519a435,1,1,0
f0519a435,2,1,0
f0519a435,3,0,0
f0519a435,4,0,0
f0519a435,5,0,0
f0519a435,6,0,0
f0519a435,7,0,0
f0519a435,8,0,0
f14aac30c,1,3,0
f14aac30c,2,1,0
f14aac30c,3,0,0
f14aac30c,4,0,0
f14aac30c,5,0,0
f14aac30c,6,0,0
f14aac30c,7,0,0
f14aac30c,8,0,0
f84bc5730,1,0,0
f84bc5730,2,1,0
f84bc5730,3,0,0
f84bc5730,4,0,0
f84bc5730,5,0,0
f84bc5730,6,0,0
f84bc5730,7,0,0
f84bc5730,8,0,0
06c894610,1,5,0
06c894610,2,6,5
06c894610,3,2,0
06c894610,4,2,0
06c894610,5,0,0
06c894610,6,0,0
06c894610,7,0,0
06c894610,8,0,0
0deaecac0,1,1,0
0deaecac0,2,0,0
0deaecac0,3,0,0
0deaecac0,4,0,0
0deaecac0,5,0,0
0deaecac0,6,0,0
0deaecac0,7,0,0
0deaecac0,8,0,0
0df2a3e83,1,0,0
0df2a3e83,2,0,0
0df2a3e83,3,0,0
0df2a3e83,4,0,0
0df2a3e83,5,0,0
0df2a3e83,6,0,0
0df2a3e83,7,0,0
0df2a3e83,8,0,0
1432cf5bc,1,0,0
1432cf5bc,2,0,0
1432cf5bc,3,0,0
1432cf5bc,4,2,0
1432cf5bc,5,0,0
1432cf5bc,6,0,0
1432cf5bc,7,0,0
1432cf5bc,8,0,0
14b635cf6,1,1,0
14b635cf6,2,0,0
14b635cf6,3,0,0
14b635cf6,4,0,0
14b635cf6,5,0,0
14b635cf6,6,0,0
14b635cf6,7,0,0
14b635cf6,8,0,0
1a2b3c4d5,1,0,0
1a2b3c4d5,2,0,0
1a2b3c4d5,3,0,0
1a2b3c4d5,4,0,0
1a2b3c4d5,5,2,0
1a2b3c4d5,6,1,0
1a2b3c4d5,7,0,0
1a2b3c4d5,8,0,0
1b15cc98b,1,5,3
1b15cc98b,2,3,8
1b15cc98b,3,5,0
1b15cc98b,4,2,0
1b15cc98b,5,4,15
1b15cc98b,6,1,4
1b15cc98b,7,0,0
1b15cc98b,8,0,0
1b1f8c580,1,2,0
1b1f8c580,2,0,0
1b1f8c580,3,0,0
1b1f8c580,4,0,0
1b1f8c580,5,0,0
1b1f8c580,6,0,0
1b1f8c580,7,0,0
1b1f8c580,8,0,0
24040b457,1,1,0
24040b457,2,0,0
24040b457,3,0,0
24040b457,4,0,0
24040b457,5,0,0
24040b457,6,0,0
24040b457,7,0,0
24040b457,8,0,0
241b13d90,1,1,0
241b13d90,2,0,0
241b13d90,3,0,0
241b13d90,4,0,0
241b13d90,5,0,0
241b13d90,6,0,0
241b13d90,7,0,0
241b13d90,8,0,0
25ae63868,1,0,0
25ae63868,2,0,0
25ae63868,3,0,0
25ae63868,4,0,0
25ae63868,5,0,0
25ae63868,6,0,0
25ae63868,7,0,0
25ae63868,8,0,0
28b8f3b28,1,0,0
28b8f3b28,2,0,0
28b8f3b28,3,0,0
28b8f3b28,4,0,0
28b8f3b28,5,0,0
28b8f3b28,6,0,0
28b8f3b28,7,0,0
28b8f3b28,8,0,0
290f68400,1,2,6
290f68400,2,2,0
290f68400,3,0,0
290f68400,4,0,0
290f68400,5,0,0
290f68400,6,2,0
290f68400,7,0,0
290f68400,8,0,0
29b5f76de,1,0,0
29b5f76de,2,0,0
29b5f76de,3,0,0
29b5f76de,4,0,0
29b5f76de,5,0,0
29b5f76de,6,0,0
29b5f76de,7,0,0
29b5f76de,8,0,0
2e650f182,1,4,0
2e650f182,2,2,0
2e650f182,3,3,0
2e650f182,4,5,11
2e650f182,5,6,0
2e650f182,6,4,10
2e650f182,7,0,0
2e650f182,8,0,0
3129c5df4,1,3,0
3129c5df4,2,1,0
3129c5df4,3,1,0
3129c5df4,4,0,0
3129c5df4,5,0,0
3129c5df4,6,0,0
3129c5df4,7,0,0
3129c5df4,8,0,0
43a1176a0,1,4,14
43a1176a0,2,1,1
43a1176a0,3,4,18
43a1176a0,4,6,65
43a1176a0,5,4,0
43a1176a0,6,4,0
43a1176a0,7,0,0
43a1176a0,8,0,0
447d58a4a,1,1,0
447d58a4a,2,0,0
447d58a4a,3,0,0
447d58a4a,4,0,0
447d58a4a,5,0,0
447d58a4a,6,0,0
447d58a4a,7,0,0
447d58a4a,8,0,0
49a024d24,1,1,0
49a024d24,2,0,0
49a024d24,3,0,0
49a024d24,4,0,0
49a024d24,5,0,0
49a024d24,6,0,0
49a024d24,7,0,0
49a024d24,8,0,0
4d25d3ae6,1,0,0
4d25d3ae6,2,1,0
4d25d3ae6,3,0,0
4d25d3ae6,4,0,0
4d25d3ae6,5,0,0
4d25d3ae6,6,0,0
4d25d3ae6,7,0,0
4d25d3ae6,8,0,0
4f216a88f,1,0,0
4f216a88f,2,0,0
4f216a88f,3,0,0
4f216a88f,4,0,0
4f216a88f,5,0,0
4f216a88f,6,0,0
4f216a88f,7,0,0
4f216a88f,8,0,0
52b352f01,1,1,0
52b352f01,2,0,0
52b352f01,3,0,0
52b352f01,4,0,0
52b352f01,5,0,0
52b352f01,6,0,0
52b352f01,7,0,0
52b352f01,8,0,0
530dc442d,1,3,27
530dc442d,2,6,128
530dc442d,3,6,102
530dc442d,4,7,303
530dc442d,5,6,20
530dc442d,6,7,61
530dc442d,7,0,0
530dc442d,8,0,0
576c02e4a,1,0,0
576c02e4a,2,0,0
576c02e4a,3,1,0
576c02e4a,4,0,0
576c02e4a,5,0,0
576c02e4a,6,0,0
576c02e4a,7,0,0
576c02e4a,8,0,0
58313777a,1,3,0
58313777a,2,2,0
58313777a,3,3,0
58313777a,4,1,0
58313777a,5,0,0
58313777a,6,1,0
58313777a,7,0,0
58313777a,8,0,0
5a8d65597,1,0,0
5a8d65597,2,0,0
5a8d65597,3,4,0
5a8d65597,4,6,186
5a8d65597,5,2,0
5a8d65597,6,1,0
5a8d65597,7,0,0
5a8d65597,8,0,0
5d57ea410,1,1,0
5d57ea410,2,0,0
5d57ea410,3,0,0
5d57ea410,4,0,0
5d57ea410,5,0,0
5d57ea410,6,0,0
5d57ea410,7,0,0
5d57ea410,8,0,0
5e0b5e21d,1,0,0
5e0b5e21d,2,0,0
5e0b5e21d,3,1,0
5e0b5e21d,4,0,0
5e0b5e21d,5,0,0
5e0b5e21d,6,0,0
5e0b5e21d,7,0,0
5e0b5e21d,8,0,0
61bdbe9c0,1,3,19
61bdbe9c0,2,5,142
61bdbe9c0,3,6,47
61bdbe9c0,4,6,14
61bdbe9c0,5,5,9
61bdbe9c0,6,1,0
61bdbe9c0,7,0,0
61bdbe9c0,8,0,0
66684cd34,1,2,0
66684cd34,2,0,0
66684cd34,3,0,0
66684cd34,4,1,0
66684cd34,5,0,0
66684cd34,6,0,0
66684cd34,7,0,0
66684cd34,8,0,0
669b7b0fe,1,1,0
669b7b0fe,2,0,0
669b7b0fe,3,0,0
669b7b0fe,4,0,0
669b7b0fe,5,0,0
669b7b0fe,6,0,0
669b7b0fe,7,0,0
669b7b0fe,8,0,0
67bc7a71c,1,3,0
67bc7a71c,2,0,0
67bc7a71c,3,0,0
67bc7a71c,4,0,0
67bc7a71c,5,0,0
67bc7a71c,6,0,0
67bc7a71c,7,0,0
67bc7a71c,8,0,0
681e10d18,1,2,0
681e10d18,2,0,0
681e10d18,3,0,0
681e10d18,4,0,0
681e10d18,5,0,0
681e10d18,6,0,0
681e10d18,7,0,0
681e10d18,8,0,0
6e1ffbb96,1,4,0
6e1ffbb96,2,3,0
6e1ffbb96,3,4,16
6e1ffbb96,4,4,0
6e1ffbb96,5,4,3
6e1ffbb96,6,2,0
6e1ffbb96,7,0,0
6e1ffbb96,8,0,0
711e5927b,1,4,0
711e5927b,2,0,0
711e5927b,3,0,0
711e5927b,4,0,0
711e5927b,5,0,0
711e5927b,6,0,0
711e5927b,7,0,0
711e5927b,8,0,0
739284e3d,1,0,0
739284e3d,2,0,0
739284e3d,3,0,0
739284e3d,4,0,0
739284e3d,5,0,0
739284e3d,6,0,0
739284e3d,7,0,0
739284e3d,8,0,0
765a66baf,1,3,0
765a66baf,2,2,0
765a66baf,3,0,0
765a66baf,4,0,0
765a66baf,5,0,0
765a66baf,6,0,0
765a66baf,7,0,0
765a66baf,8,0,0
81b4aeaae,1,7,118
81b4aeaae,2,5,123
81b4aeaae,3,7,35
81b4aeaae,4,7,97
81b4aeaae,5,3,0
81b4aeaae,6,5,76
81b4aeaae,7,0,0
81b4aeaae,8,0,0
843617da0,1,3,0
843617da0,2,0,0
843617da0,3,1,0
843617da0,4,0,0
843617da0,5,0,0
843617da0,6,0,0
843617da0,7,0,0
843617da0,8,0,0
843c87f46,1,1,0
843c87f46,2,0,0
843c87f46,3,0,0
843c87f46,4,0,0
843c87f46,5,0,0
843c87f46,6,0,0
843c87f46,7,0,0
843c87f46,8,0,0
84a2beac0,1,1,0
84a2beac0,2,0,0
84a2beac0,3,0,0
84a2beac0,4,0,0
84a2beac0,5,0,0
84a2beac0,6,0,0
84a2beac0,7,0,0
84a2beac0,8,0,0
8972a5d80,1,2,0
8972a5d80,2,2,0
8972a5d80,3,0,0
8972a5d80,4,1,0
8972a5d80,5,1,0
8972a5d80,6,1,0
8972a5d80,7,0,0
8972a5d80,8,0,0
8bd77ca12,1,3,0
8bd77ca12,2,3,4
8bd77ca12,3,4,0
8bd77ca12,4,4,112
8bd77ca12,5,5,13
8bd77ca12,6,7,202
8bd77ca12,7,0,0
8bd77ca12,8,0,0
8c160a3e0,1,0,0
8c160a3e0,2,2,0
8c160a3e0,3,0,0
8c160a3e0,4,0,0
8c160a3e0,5,0,0
8c160a3e0,6,0,0
8c160a3e0,7,0,0
8c160a3e0,8,0,0
99a674c70,1,2,8
99a674c70,2,3,15
99a674c70,3,4,41
99a674c70,4,4,59
99a674c70,5,4,0
99a674c70,6,6,50
99a674c70,7,0,0
99a674c70,8,0,0
9fea395f4,1,2,0
9fea395f4,2,1,0
9fea395f4,3,2,0
9fea395f4,4,0,0
9fea395f4,5,1,0
9fea395f4,6,0,0
9fea395f4,7,0,0
9fea395f4,8,0,0
a29396f60,1,3,0
a29396f60,2,0,0
a29396f60,3,0,0
a29396f60,4,0,0
a29396f60,5,0,0
a29396f60,6,0,0
a29396f60,7,0,0
a29396f60,8,0,0
a9a0c14da,1,0,0
a9a0c14da,2,0,0
a9a0c14da,3,0,0
a9a0c14da,4,0,0
a9a0c14da,5,0,0
a9a0c14da,6,0,0
a9a0c14da,7,0,0
a9a0c14da,8,0,0
abcde6789,1,2,0
abcde6789,2,3,0
abcde6789,3,3,0
abcde6789,4,2,0
abcde6789,5,1,0
abcde6789,6,1,0
abcde6789,7,0,0
abcde6789,8,0,0
b562b0600,1,1,0
b562b0600,2,0,0
b562b0600,3,0,0
b562b0600,4,0,0
b562b0600,5,0,0
b562b0600,6,0,0
b562b0600,7,0,0
b562b0600,8,0,0
b6f6f90f4,1,1,0
b6f6f90f4,2,0,0
b6f6f90f4,3,0,0
b6f6f90f4,4,0,0
b6f6f90f4,5,0,0
b6f6f90f4,6,0,0
b6f6f90f4,7,0,0
b6f6f90f4,8,0,0
b8f49e310,1,1,0
b8f49e310,2,1,0
b8f49e310,3,2,0
b8f49e310,4,0,0
b8f49e310,5,0,0
b8f49e310,6,0,0
b8f49e310,7,0,0
b8f49e310,8,0,0
bcb418906,1,1,0
bcb418906,2,3,34
bcb418906,3,3,0
bcb418906,4,4,0
bcb418906,5,1,0
bcb418906,6,3,0
bcb418906,7,0,0
bcb418906,8,0,0
c0fe8de08,1,1,0
c0fe8de08,2,0,0
c0fe8de08,3,0,0
c0fe8de08,4,0,0
c0fe8de08,5,0,0
c0fe8de08,6,0,0
c0fe8de08,7,0,0
c0fe8de08,8,0,0
c640d6860,1,1,0
c640d6860,2,0,0
c640d6860,3,0,0
c640d6860,4,0,0
c640d6860,5,0,0
c640d6860,6,0,0
c640d6860,7,0,0
c640d6860,8,0,0
cce198a54,1,1,0
cce198a54,2,1,0
cce198a54,3,0,0
cce198a54,4,0,0
cce198a54,5,0,0
cce198a54,6,0,0
cce198a54,7,0,0
cce198a54,8,0,0
d55c77050,1,4,0
d55c77050,2,4,15
d55c77050,3,6,0
d55c77050,4,3,0
d55c77050,5,2,0
d55c77050,6,1,0
d55c77050,7,0,0
d55c77050,8,0,0
db920f9e6,1,7,37
db920f9e6,2,6,22
db920f9e6,3,1,0
db920f9e6,4,0,0
db920f9e6,5,0,0
db920f9e6,6,0,0
db920f9e6,7,0,0
db920f9e6,8,0,0
de4e8e3b2,1,0,0
de4e8e3b2,2,0,0
de4e8e3b2,3,0,0
de4e8e3b2,4,0,0
de4e8e3b2,5,0,0
de4e8e3b2,6,0,0
de4e8e3b2,7,0,0
de4e8e3b2,8,0,0
e42658209,1,2,0
e42658209,2,0,0
e42658209,3,0,0
e42658209,4,0,0
e42658209,5,0,0
e42658209,6,0,0
e42658209,7,0,0
e42658209,8,0,0
f0519a435,1,1,0
f0519a435,2,1,0
f0519a435,3,0,0
f0519a435,4,0,0
f0519a435,5,0,0
f0519a435,6,0,0
f0519a435,7,0,0
f0519a435,8,0,0
f14aac30c,1,3,0
f14aac30c,2,1,0
f14aac30c,3,0,0
f14aac30c,4,0,0
f14aac30c,5,0,0
f14aac30c,6,0,0
f14aac30c,7,0,0
f14aac30c,8,0,0
f84bc5730,1,0,0
f84bc5730,2,1,0
f84bc5730,3,0,0
f84bc5730,4,0,0
f84bc5730,5,0,0
f84bc5730,6,0,0
f84bc5730,7,0,0
f84bc5730,8,0,0
06c894610,1,5,0
06c894610,2,6,5
06c894610,3,2,0
06c894610,4,2,0
06c894610,5,0,0
06c894610,6,0,0
06c894610,7,0,0
06c894610,8,0,0
0deaecac0,1,1,0
0deaecac0,2,0,0
0deaecac0,3,0,0
0deaecac0,4,0,0
0deaecac0,5,0,0
0deaecac0,6,0,0
0deaecac0,7,0,0
0deaecac0,8,0,0
0df2a3e83,1,0,0
0df2a3e83,2,0,0
0df2a3e83,3,0,0
0df2a3e83,4,0,0
0df2a3e83,5,0,0
0df2a3e83,6,0,0
0df2a3e83,7,0,0
0df2a3e83,8,0,0
1432cf5bc,1,0,0
1432cf5bc,2,0,0
1432cf5bc,3,0,0
1432cf5bc,4,2,0
1432cf5bc,5,0,0
1432cf5bc,6,0,0
1432cf5bc,7,0,0
1432cf5bc,8,0,0
14b635cf6,1,1,0
14b635cf6,2,0,0
14b635cf6,3,0,0
14b635cf6,4,0,0
14b635cf6,5,0,0
14b635cf6,6,0,0
14b635cf6,7,0,0
14b635cf6,8,0,0
1a2b3c4d5,1,0,0
1a2b3c4d5,2,0,0
1a2b3c4d5,3,0,0
1a2b3c4d5,4,0,0
1a2b3c4d5,5,2,0
1a2b3c4d5,6,1,0
1a2b3c4d5,7,0,0
1a2b3c4d5,8,0,0
1b15cc98b,1,5,3
1b15cc98b,2,3,8
1b15cc98b,3,5,0
1b15cc98b,4,2,0
1b15cc98b,5,4,15
1b15cc98b,6,1,4
1b15cc98b,7,0,0
1b15cc98b,8,0,0
1b1f8c580,1,2,0
1b1f8c580,2,0,0
1b1f8c580,3,0,0
1b1f8c580,4,0,0
1b1f8c580,5,0,0
1b1f8c580,6,0,0
1b1f8c580,7,0,0
1b1f8c580,8,0,0
24040b457,1,1,0
24040b457,2,0,0
24040b457,3,0,0
24040b457,4,0,0
24040b457,5,0,0
24040b457,6,0,0
24040b457,7,0,0
24040b457,8,0,0
241b13d90,1,1,0
241b13d90,2,0,0
241b13d90,3,0,0
241b13d90,4,0,0
241b13d90,5,0,0
241b13d90,6,0,0
241b13d90,7,0,0
241b13d90,8,0,0
25ae63868,1,0,0
25ae63868,2,0,0
25ae63868,3,0,0
25ae63868,4,0,0
25ae63868,5,0,0
25ae63868,6,0,0
25ae63868,7,0,0
25ae63868,8,0,0
28b8f3b28,1,0,0
28b8f3b28,2,0,0
28b8f3b28,3,0,0
28b8f3b28,4,0,0
28b8f3b28,5,0,0
28b8f3b28,6,0,0
28b8f3b28,7,0,0
28b8f3b28,8,0,0
290f68400,1,2,6
290f68400,2,2,0
290f68400,3,0,0
290f68400,4,0,0
290f68400,5,0,0
290f68400,6,2,0
290f68400,7,0,0
290f68400,8,0,0
29b5f76de,1,0,0
29b5f76de,2,0,0
29b5f76de,3,0,0
29b5f76de,4,0,0
29b5f76de,5,0,0
29b5f76de,6,0,0
29b5f76de,7,0,0
29b5f76de,8,0,0
2e650f182,1,4,0
2e650f182,2,2,0
2e650f182,3,3,0
2e650f182,4,5,11
2e650f182,5,6,0
2e650f182,6,4,10
2e650f182,7,0,0
2e650f182,8,0,0
3129c5df4,1,3,0
3129c5df4,2,1,0
3129c5df4,3,1,0
3129c5df4,4,0,0
3129c5df4,5,0,0
3129c5df4,6,0,0
3129c5df4,7,0,0
3129c5df4,8,0,0
43a1176a0,1,4,14
43a1176a0,2,1,1
43a1176a0,3,4,18
43a1176a0,4,6,65
43a1176a0,5,4,0
43a1176a0,6,4,0
43a1176a0,7,0,0
43a1176a0,8,0,0
447d58a4a,1,1,0
447d58a4a,2,0,0
447d58a4a,3,0,0
447d58a4a,4,0,0
447d58a4a,5,0,0
447d58a4a,6,0,0
447d58a4a,7,0,0
447d58a4a,8,0,0
49a024d24,1,1,0
49a024d24,2,0,0
49a024d24,3,0,0
49a024d24,4,0,0
49a024d24,5,0,0
49a024d24,6,0,0
49a024d24,7,0,0
49a024d24,8,0,0
4d25d3ae6,1,0,0
4d25d3ae6,2,1,0
4d25d3ae6,3,0,0
4d25d3ae6,4,0,0
4d25d3ae6,5,0,0
4d25d3ae6,6,0,0
4d25d3ae6,7,0,0
4d25d3ae6,8,0,0
4f216a88f,1,0,0
4f216a88f,2,0,0
4f216a88f,3,0,0
4f216a88f,4,0,0
4f216a88f,5,0,0
4f216a88f,6,0,0
4f216a88f,7,0,0
4f216a88f,8,0,0
52b352f01,1,1,0
52b352f01,2,0,0
52b352f01,3,0,0
52b352f01,4,0,0
52b352f01,5,0,0
52b352f01,6,0,0
52b352f01,7,0,0
52b352f01,8,0,0
530dc442d,1,3,27
530dc442d,2,6,128
530dc442d,3,6,102
530dc442d,4,7,303
530dc442d,5,6,20
530dc442d,6,7,61
530dc442d,7,0,0
530dc442d,8,0,0
576c02e4a,1,0,0
576c02e4a,2,0,0
576c02e4a,3,1,0
576c02e4a,4,0,0
576c02e4a,5,0,0
576c02e4a,6,0,0
576c02e4a,7,0,0
576c02e4a,8,0,0
58313777a,1,3,0
58313777a,2,2,0
58313777a,3,3,0
58313777a,4,1,0
58313777a,5,0,0
58313777a,6,1,0
58313777a,7,0,0
58313777a,8,0,0
5a8d65597,1,0,0
5a8d65597,2,0,0
5a8d65597,3,4,0
5a8d65597,4,6,186
5a8d65597,5,2,0
5a8d65597,6,1,0
5a8d65597,7,0,0
5a8d65597,8,0,0
5d57ea410,1,1,0
5d57ea410,2,0,0
5d57ea410,3,0,0
5d57ea410,4,0,0
5d57ea410,5,0,0
5d57ea410,6,0,0
5d57ea410,7,0,0
5d57ea410,8,0,0
5e0b5e21d,1,0,0
5e0b5e21d,2,0,0
5e0b5e21d,3,1,0
5e0b5e21d,4,0,0
5e0b5e21d,5,0,0
5e0b5e21d,6,0,0
5e0b5e21d,7,0,0
5e0b5e21d,8,0,0
61bdbe9c0,1,3,19
61bdbe9c0,2,5,142
61bdbe9c0,3,6,47
61bdbe9c0,4,6,14
61bdbe9c0,5,5,9
61bdbe9c0,6,1,0
61bdbe9c0,7,0,0
61bdbe9c0,8,0,0
66684cd34,1,2,0
66684cd34,2,0,0
66684cd34,3,0,0
66684cd34,4,1,0
66684cd34,5,0,0
66684cd34,6,0,0
66684cd34,7,0,0
66684cd34,8,0,0
669b7b0fe,1,1,0
669b7b0fe,2,0,0
669b7b0fe,3,0,0
669b7b0fe,4,0,0
669b7b0fe,5,0,0
669b7b0fe,6,0,0
669b7b0fe,7,0,0
669b7b0fe,8,0,0
67bc7a71c,1,3,0
67bc7a71c,2,0,0
67bc7a71c,3,0,0
67bc7a71c,4,0,0
67bc7a71c,5,0,0
67bc7a71c,6,0,0
67bc7a71c,7,0,0
67bc7a71c,8,0,0
681e10d18,1,2,0
681e10d18,2,0,0
681e10d18,3,0,0
681e10d18,4,0,0
681e10d18,5,0,0
681e10d18,6,0,0
681e10d18,7,0,0
681e10d18,8,0,0
6e1ffbb96,1,4,0
6e1ffbb96,2,3,0
6e1ffbb96,3,4,16
6e1ffbb96,4,4,0
6e1ffbb96,5,4,3
6e1ffbb96,6,2,0
6e1ffbb96,7,0,0
6e1ffbb96,8,0,0
711e5927b,1,4,0
711e5927b,2,0,0
711e5927b,3,0,0
711e5927b,4,0,0
711e5927b,5,0,0
711e5927b,6,0,0
711e5927b,7,0,0
711e5927b,8,0,0
739284e3d,1,0,0
739284e3d,2,0,0
739284e3d,3,0,0
739284e3d,4,0,0
739284e3d,5,0,0
739284e3d,6,0,0
739284e3d,7,0,0
739284e3d,8,0,0
765a66baf,1,3,0
765a66baf,2,2,0
765a66baf,3,0,0
765a66baf,4,0,0
765a66baf,5,0,0
765a66baf,6,0,0
765a66baf,7,0,0
765a66baf,8,0,0
81b4aeaae,1,7,118
81b4aeaae,2,5,123
81b4aeaae,3,7,35
81b4aeaae,4,7,97
81b4aeaae,5,3,0
81b4aeaae,6,5,76
81b4aeaae,7,0,0
81b4aeaae,8,0,0
843617da0,1,3,0
843617da0,2,0,0
843617da0,3,1,0
843617da0,4,0,0
843617da0,5,0,0
843617da0,6,0,0
843617da0,7,0,0
843617da0,8,0,0
843c87f46,1,1,0
843c87f46,2,0,0
843c87f46,3,0,0
843c87f46,4,0,0
843c87f46,5,0,0
843c87f46,6,0,0
843c87f46,7,0,0
843c87f46,8,0,0
84a2beac0,1,1,0
84a2beac0,2,0,0
84a2beac0,3,0,0
84a2beac0,4,0,0
84a2beac0,5,0,0
84a2beac0,6,0,0
84a2beac0,7,0,0
84a2beac0,8,0,0
8972a5d80,1,2,0
8972a5d80,2,2,0
8972a5d80,3,0,0
8972a5d80,4,1,0
8972a5d80,5,1,0
8972a5d80,6,1,0
8972a5d80,7,0,0
8972a5d80,8,0,0
8bd77ca12,1,3,0
8bd77ca12,2,3,4
8bd77ca12,3,4,0
8bd77ca12,4,4,112
8bd77ca12,5,5,13
8bd77ca12,6,7,202
8bd77ca12,7,0,0
8bd77ca12,8,0,0
8c160a3e0,1,0,0
8c160a3e0,2,2,0
8c160a3e0,3,0,0
8c160a3e0,4,0,0
8c160a3e0,5,0,0
8c160a3e0,6,0,0
8c160a3e0,7,0,0
8c160a3e0,8,0,0
99a674c70,1,2,8
99a674c70,2,3,15
99a674c70,3,4,41
99a674c70,4,4,59
99a674c70,5,4,0
99a674c70,6,6,50
99a674c70,7,0,0
99a674c70,8,0,0
9fea395f4,1,2,0
9fea395f4,2,1,0
9fea395f4,3,2,0
9fea395f4,4,0,0
9fea395f4,5,1,0
9fea395f4,6,0,0
9fea395f4,7,0,0
9fea395f4,8,0,0
a29396f60,1,3,0
a29396f60,2,0,0
a29396f60,3,0,0
a29396f60,4,0,0
a29396f60,5,0,0
a29396f60,6,0,0
a29396f60,7,0,0
a29396f60,8,0,0
a9a0c14da,1,0,0
a9a0c14da,2,0,0
a9a0c14da,3,0,0
a9a0c14da,4,0,0
a9a0c14da,5,0,0
a9a0c14da,6,0,0
a9a0c14da,7,0,0
a9a0c14da,8,0,0
abcde6789,1,2,0
abcde6789,2,3,0
abcde6789,3,3,0
abcde6789,4,2,0
abcde6789,5,1,0
abcde6789,6,1,0
abcde6789,7,0,0
abcde6789,8,0,0
b562b0600,1,1,0
b562b0600,2,0,0
b562b0600,3,0,0
b562b0600,4,0,0
b562b0600,5,0,0
b562b0600,6,0,0
b562b0600,7,0,0
b562b0600,8,0,0
b6f6f90f4,1,1,0
b6f6f90f4,2,0,0
b6f6f90f4,3,0,0
b6f6f90f4,4,0,0
b6f6f90f4,5,0,0
b6f6f90f4,6,0,0
b6f6f90f4,7,0,0
b6f6f90f4,8,0,0
b8f49e310,1,1,0
b8f49e310,2,1,0
b8f49e310,3,2,0
b8f49e310,4,0,0
b8f49e310,5,0,0
b8f49e310,6,0,0
b8f49e310,7,0,0
b8f49e310,8,0,0
bcb418906,1,1,0
bcb418906,2,3,34
bcb418906,3,3,0
bcb418906,4,4,0
bcb418906,5,1,0
bcb418906,6,3,0
bcb418906,7,0,0
bcb418906,8,0,0
c0fe8de08,1,1,0
c0fe8de08,2,0,0
c0fe8de08,3,0,0
c0fe8de08,4,0,0
c0fe8de08,5,0,0
c0fe8de08,6,0,0
c0fe8de08,7,0,0
c0fe8de08,8,0,0
c640d6860,1,1,0
c640d6860,2,0,0
c640d6860,3,0,0
c640d6860,4,0,0
c640d6860,5,0,0
c640d6860,6,0,0
c640d6860,7,0,0
c640d6860,8,0,0
cce198a54,1,1,0
cce198a54,2,1,0
cce198a54,3,0,0
cce198a54,4,0,0
cce198a54,5,0,0
cce198a54,6,0,0
cce198a54,7,0,0
cce198a54,8,0,0
d55c77050,1,4,0
d55c77050,2,4,15
d55c77050,3,6,0
d55c77050,4,3,0
d55c77050,5,2,0
d55c77050,6,1,0
d55c77050,7,0,0
d55c77050,8,0,0
db920f9e6,1,7,37
db920f9e6,2,6,22
db920f9e6,3,1,0
db920f9e6,4,0,0
db920f9e6,5,0,0
db920f9e6,6,0,0
db920f9e6,7,0,0
db920f9e6,8,0,0
de4e8e3b2,1,0,0
de4e8e3b2,2,0,0
de4e8e3b2,3,0,0
de4e8e3b2,4,0,0
de4e8e3b2,5,0,0
de4e8e3b2,6,0,0
de4e8e3b2,7,0,0
de4e8e3b2,8,0,0
e42658209,1,2,0
e42658209,2,0,0
e42658209,3,0,0
e42658209,4,0,0
e42658209,5,0,0
e42658209,6,0,0
e42658209,7,0,0
e42658209,8,0,0
f0519a435,1,1,0
f0519a435,2,1,0
f0519a435,3,0,0
f0519a435,4,0,0
f0519a435,5,0,0
f0519a435,6,0,0
f0519a435,7,0,0
f0519a435,8,0,0
f14aac30c,1,3,0
f14aac30c,2,1,0
f14aac30c,3,0,0
f14aac30c,4,0,0
f14aac30c,5,0,0
f14aac30c,6,0,0
f14aac30c,7,0,0
f14aac30c,8,0,0
f84bc5730,1,0,0
f84bc5730,2,1,0
f84bc5730,3,0,0
f84bc5730,4,0,0
f84bc5730,5,0,0
f84bc5730,6,0,0
f84bc5730,7,0,0
f84bc5730,8,0,0
06c894610,1,5,0
06c894610,2,6,5
06c894610,3,2,0
06c894610,4,2,0
06c894610,5,0,0
06c894610,6,0,0
06c894610,7,0,0
06c894610,8,0,0
0deaecac0,1,1,0
0deaecac0,2,0,0
0deaecac0,3,0,0
0deaecac0,4,0,0
0deaecac0,5,0,0
0deaecac0,6,0,0
0deaecac0,7,0,0
0deaecac0,8,0,0
0df2a3e83,1,0,0
0df2a3e83,2,0,0
0df2a3e83,3,0,0
0df2a3e83,4,0,0
0df2a3e83,5,0,0
0df2a3e83,6,0,0
0df2a3e83,7,0,0
0df2a3e83,8,0,0
1432cf5bc,1,0,0
1432cf5bc,2,0,0
1432cf5bc,3,0,0
1432cf5bc,4,2,0
1432cf5bc,5,0,0
1432cf5bc,6,0,0
1432cf5bc,7,0,0
1432cf5bc,8,0,0
14b635cf6,1,1,0
14b635cf6,2,0,0
14b635cf6,3,0,0
14b635cf6,4,0,0
14b635cf6,5,0,0
14b635cf6,6,0,0
14b635cf6,7,0,0
14b635cf6,8,0,0
1a2b3c4d5,1,0,0
1a2b3c4d5,2,0,0
1a2b3c4d5,3,0,0
1a2b3c4d5,4,0,0
1a2b3c4d5,5,2,0
1a2b3c4d5,6,1,0
1a2b3c4d5,7,0,0
1a2b3c4d5,8,0,0
1b15cc98b,1,5,3
1b15cc98b,2,3,8
1b15cc98b,3,5,0
1b15cc98b,4,2,0
1b15cc98b,5,4,15
1b15cc98b,6,1,4
1b15cc98b,7,0,0
1b15cc98b,8,0,0
1b1f8c580,1,2,0
1b1f8c580,2,0,0
1b1f8c580,3,0,0
1b1f8c580,4,0,0
1b1f8c580,5,0,0
1b1f8c580,6,0,0
1b1f8c580,7,0,0
1b1f8c580,8,0,0
24040b457,1,1,0
24040b457,2,0,0
24040b457,3,0,0
24040b457,4,0,0
24040b457,5,0,0
24040b457,6,0,0
24040b457,7,0,0
24040b457,8,0,0
241b13d90,1,1,0
241b13d90,2,0,0
241b13d90,3,0,0
241b13d90,4,0,0
241b13d90,5,0,0
241b13d90,6,0,0
241b13d90,7,0,0
241b13d90,8,0,0
25ae63868,1,0,0
25ae63868,2,0,0
25ae63868,3,0,0
25ae63868,4,0,0
25ae63868,5,0,0
25ae63868,6,0,0
25ae63868,7,0,0
25ae63868,8,0,0
28b8f3b28,1,0,0
28b8f3b28,2,0,0
28b8f3b28,3,0,0
28b8f3b28,4,0,0
28b8f3b28,5,0,0
28b8f3b28,6,0,0
28b8f3b28,7,0,0
28b8f3b28,8,0,0
290f68400,1,2,6
290f68400,2,2,0
290f68400,3,0,0
290f68400,4,0,0
290f68400,5,0,0
290f68400,6,2,0
290f68400,7,0,0
290f68400,8,0,0
29b5f76de,1,0,0
29b5f76de,2,0,0
29b5f76de,3,0,0
29b5f76de,4,0,0
29b5f76de,5,0,0
29b5f76de,6,0,0
29b5f76de,7,0,0
29b5f76de,8,0,0
2e650f182,1,4,0
2e650f182,2,2,0
2e650f182,3,3,0
2e650f182,4,5,11
2e650f182,5,6,0
2e650f182,6,4,10
2e650f182,7,0,0
2e650f182,8,0,0
3129c5df4,1,3,0
3129c5df4,2,1,0
3129c5df4,3,1,0
3129c5df4,4,0,0
3129c5df4,5,0,0
3129c5df4,6,0,0
3129c5df4,7,0,0
3129c5df4,8,0,0
43a1176a0,1,4,14
43a1176a0,2,1,1
43a1176a0,3,4,18
43a1176a0,4,6,65
43a1176a0,5,4,0
43a1176a0,6,4,0
43a1176a0,7,0,0
43a1176a0,8,0,0
447d58a4a,1,1,0
447d58a4a,2,0,0
447d58a4a,3,0,0
447d58a4a,4,0,0
447d58a4a,5,0,0
447d58a4a,6,0,0
447d58a4a,7,0,0
447d58a4a,8,0,0
49a024d24,1,1,0
49a024d24,2,0,0
49a024d24,3,0,0
49a024d24,4,0,0
49a024d24,5,0,0
49a024d24,6,0,0
49a024d24,7,0,0
49a024d24,8,0,0
4d25d3ae6,1,0,0
4d25d3ae6,2,1,0
4d25d3ae6,3,0,0
4d25d3ae6,4,0,0
4d25d3ae6,5,0,0
4d25d3ae6,6,0,0
4d25d3ae6,7,0,0
4d25d3ae6,8,0,0
4f216a88f,1,0,0
4f216a88f,2,0,0
4f216a88f,3,0,0
4f216a88f,4,0,0
4f216a88f,5,0,0
4f216a88f,6,0,0
4f216a88f,7,0,0
4f216a88f,8,0,0
52b352f01,1,1,0
52b352f01,2,0,0
52b352f01,3,0,0
52b352f01,4,0,0
52b352f01,5,0,0
52b352f01,6,0,0
52b352f01,7,0,0
52b352f01,8,0,0
530dc442d,1,3,27
530dc442d,2,6,128
530dc442d,3,6,102
530dc442d,4,7,303
530dc442d,5,6,20
530dc442d,6,7,61
530dc442d,7,0,0
530dc442d,8,0,0
576c02e4a,1,0,0
576c02e4a,2,0,0
576c02e4a,3,1,0
576c02e4a,4,0,0
576c02e4a,5,0,0
576c02e4a,6,0,0
576c02e4a,7,0,0
576c02e4a,8,0,0
58313777a,1,3,0
58313777a,2,2,0
58313777a,3,3,0
58313777a,4,1,0
58313777a,5,0,0
58313777a,6,1,0
58313777a,7,0,0
58313777a,8,0,0
5a8d65597,1,0,0
5a8d65597,2,0,0
5a8d65597,3,4,0
5a8d65597,4,6,186
5a8d65597,5,2,0
5a8d65597,6,1,0
5a8d65597,7,0,0
5a8d65597,8,0,0
5d57ea410,1,1,0
5d57ea410,2,0,0
5d57ea410,3,0,0
5d57ea410,4,0,0
5d57ea410,5,0,0
5d57ea410,6,0,0
5d57ea410,7,0,0
5d57ea410,8,0,0
5e0b5e21d,1,0,0
5e0b5e21d,2,0,0
5e0b5e21d,3,1,0
5e0b5e21d,4,0,0
5e0b5e21d,5,0,0
5e0b5e21d,6,0,0
5e0b5e21d,7,0,0
5e0b5e21d,8,0,0
61bdbe9c0,1,3,19
61bdbe9c0,2,5,142
61bdbe9c0,3,6,47
61bdbe9c0,4,6,14
61bdbe9c0,5,5,9
61bdbe9c0,6,1,0
61bdbe9c0,7,0,0
61bdbe9c0,8,0,0
66684cd34,1,2,0
66684cd34,2,0,0
66684cd34,3,0,0
66684cd34,4,1,0
66684cd34,5,0,0
66684cd34,6,0,0
66684cd34,7,0,0
66684cd34,8,0,0
669b7b0fe,1,1,0
669b7b0fe,2,0,0
669b7b0fe,3,0,0
669b7b0fe,4,0,0
669b7b0fe,5,0,0
669b7b0fe,6,0,0
669b7b0fe,7,0,0
669b7b0fe,8,0,0
67bc7a71c,1,3,0
67bc7a71c,2,0,0
67bc7a71c,3,0,0
67bc7a71c,4,0,0
67bc7a71c,5,0,0
67bc7a71c,6,0,0
67bc7a71c,7,0,0
67bc7a71c,8,0,0
681e10d18,1,2,0
681e10d18,2,0,0
681e10d18,3,0,0
681e10d18,4,0,0
681e10d18,5,0,0
681e10d18,6,0,0
681e10d18,7,0,0
681e10d18,8,0,0
6e1ffbb96,1,4,0
6e1ffbb96,2,3,0
6e1ffbb96,3,4,16
6e1ffbb96,4,4,0
6e1ffbb96,5,4,3
6e1ffbb96,6,2,0
6e1ffbb96,7,0,0
6e1ffbb96,8,0,0
711e5927b,1,4,0
711e5927b,2,0,0
711e5927b,3,0,0
711e5927b,4,0,0
711e5927b,5,0,0
711e5927b,6,0,0
711e5927b,7,0,0
711e5927b,8,0,0
739284e3d,1,0,0
739284e3d,2,0,0
739284e3d,3,0,0
739284e3d,4,0,0
739284e3d,5,0,0
739284e3d,6,0,0
739284e3d,7,0,0
739284e3d,8,0,0
765a66baf,1,3,0
765a66baf,2,2,0
765a66baf,3,0,0
765a66baf,4,0,0
765a66baf,5,0,0
765a66baf,6,0,0
765a66baf,7,0,0
765a66baf,8,0,0
81b4aeaae,1,7,118
81b4aeaae,2,5,123
81b4aeaae,3,7,35
81b4aeaae,4,7,97
81b4aeaae,5,3,0
81b4aeaae,6,5,76
81b4aeaae,7,0,0
81b4aeaae,8,0,0
843617da0,1,3,0
843617da0,2,0,0
843617da0,3,1,0
843617da0,4,0,0
843617da0,5,0,0
843617da0,6,0,0
843617da0,7,0,0
843617da0,8,0,0
843c87f46,1,1,0
843c87f46,2,0,0
843c87f46,3,0,0
843c87f46,4,0,0
843c87f46,5,0,0
843c87f46,6,0,0
843c87f46,7,0,0
843c87f46,8,0,0
84a2beac0,1,1,0
84a2beac0,2,0,0
84a2beac0,3,0,0
84a2beac0,4,0,0
84a2beac0,5,0,0
84a2beac0,6,0,0
84a2beac0,7,0,0
84a2beac0,8,0,0
8972a5d80,1,2,0
8972a5d80,2,2,0
8972a5d80,3,0,0
8972a5d80,4,1,0
8972a5d80,5,1,0
8972a5d80,6,1,0
8972a5d80,7,0,0
8972a5d80,8,0,0
8bd77ca12,1,3,0
8bd77ca12,2,3,4
8bd77ca12,3,4,0
8bd77ca12,4,4,112
8bd77ca12,5,5,13
8bd77ca12,6,7,202
8bd77ca12,7,0,0
8bd77ca12,8,0,0
8c160a3e0,1,0,0
8c160a3e0,2,2,0
8c160a3e0,3,0,0
8c160a3e0,4,0,0
8c160a3e0,5,0,0
8c160a3e0,6,0,0
8c160a3e0,7,0,0
8c160a3e0,8,0,0
99a674c70,1,2,8
99a674c70,2,3,15
99a674c70,3,4,41
99a674c70,4,4,59
99a674c70,5,4,0
99a674c70,6,6,50
99a674c70,7,0,0
99a674c70,8,0,0
9fea395f4,1,2,0
9fea395f4,2,1,0
9fea395f4,3,2,0
9fea395f4,4,0,0
9fea395f4,5,1,0
9fea395f4,6,0,0
9fea395f4,7,0,0
9fea395f4,8,0,0
a29396f60,1,3,0
a29396f60,2,0,0
a29396f60,3,0,0
a29396f60,4,0,0
a29396f60,5,0,0
a29396f60,6,0,0
a29396f60,7,0,0
a29396f60,8,0,0
a9a0c14da,1,0,0
a9a0c14da,2,0,0
a9a0c14da,3,0,0
a9a0c14da,4,0,0
a9a0c14da,5,0,0
a9a0c14da,6,0,0
a9a0c14da,7,0,0
a9a0c14da,8,0,0
abcde6789,1,2,0
abcde6789,2,3,0
abcde6789,3,3,0
abcde6789,4,2,0
abcde6789,5,1,0
abcde6789,6,1,0
abcde6789,7,0,0
abcde6789,8,0,0
b562b0600,1,1,0
b562b0600,2,0,0
b562b0600,3,0,0
b562b0600,4,0,0
b562b0600,5,0,0
b562b0600,6,0,0
b562b0600,7,0,0
b562b0600,8,0,0
b6f6f90f4,1,1,0
b6f6f90f4,2,0,0
b6f6f90f4,3,0,0
b6f6f90f4,4,0,0
b6f6f90f4,5,0,0
b6f6f90f4,6,0,0
b6f6f90f4,7,0,0
b6f6f90f4,8,0,0
b8f49e310,1,1,0
b8f49e310,2,1,0
b8f49e310,3,2,0
b8f49e310,4,0,0
b8f49e310,5,0,0
b8f49e310,6,0,0
b8f49e310,7,0,0
b8f49e310,8,0,0
bcb418906,1,1,0
bcb418906,2,3,34
bcb418906,3,3,0
bcb418906,4,4,0
bcb418906,5,1,0
bcb418906,6,3,0
bcb418906,7,0,0
bcb418906,8,0,0
c0fe8de08,1,1,0
c0fe8de08,2,0,0
c0fe8de08,3,0,0
c0fe8de08,4,0,0
c0fe8de08,5,0,0
c0fe8de08,6,0,0
c0fe8de08,7,0,0
c0fe8de08,8,0,0
c640d6860,1,1,0
c640d6860,2,0,0
c640d6860,3,0,0
c640d6860,4,0,0
c640d6860,5,0,0
c640d6860,6,0,0
c640d6860,7,0,0
c640d6860,8,0,0
cce198a54,1,1,0
cce198a54,2,1,0
cce198a54,3,0,0
cce198a54,4,0,0
cce198a54,5,0,0
cce198a54,6,0,0
cce198a54,7,0,0
cce198a54,8,0,0
d55c77050,1,4,0
d55c77050,2,4,15
d55c77050,3,6,0
d55c77050,4,3,0
d55c77050,5,2,0
d55c77050,6,1,0
d55c77050,7,0,0
d55c77050,8,0,0
db920f9e6,1,7,37
db920f9e6,2,6,22
db920f9e6,3,1,0
db920f9e6,4,0,0
db920f9e6,5,0,0
db920f9e6,6,0,0
db920f9e6,7,0,0
db920f9e6,8,0,0
de4e8e3b2,1,0,0
de4e8e3b2,2,0,0
de4e8e3b2,3,0,0
de4e8e3b2,4,0,0
de4e8e3b2,5,0,0
de4e8e3b2,6,0,0
de4e8e3b2,7,0,0
de4e8e3b2,8,0,0
e42658209,1,2,0
e42658209,2,0,0
e42658209,3,0,0
e42658209,4,0,0
e42658209,5,0,0
e42658209,6,0,0
e42658209,7,0,0
e42658209,8,0,0
f0519a435,1,1,0
f0519a435,2,1,0
f0519a435,3,0,0
f0519a435,4,0,0
f0519a435,5,0,0
f0519a435,6,0,0
f0519a435,7,0,0
f0519a435,8,0,0
f14aac30c,1,3,0
f14aac30c,2,1,0
f14aac30c,3,0,0
f14aac30c,4,0,0
f14aac30c,5,0,0
f14aac30c,6,0,0
f14aac30c,7,0,0
f14aac30c,8,0,0
f84bc5730,1,0,0
f84bc5730,2,1,0
f84bc5730,3,0,0
f84bc5730,4,0,0
f84bc5730,5,0,0
f84bc5730,6,0,0
f84bc5730,7,0,0
f84bc5730,8,0,0
06c894610,1,5,0
06c894610,2,6,5
06c894610,3,2,0
06c894610,4,2,0
06c894610,5,0,0
06c894610,6,0,0
06c894610,7,0,0
06c894610,8,0,0
0deaecac0,1,1,0
0deaecac0,2,0,0
0deaecac0,3,0,0
0deaecac0,4,0,0
0deaecac0,5,0,0
0deaecac0,6,0,0
0deaecac0,7,0,0
0deaecac0,8,0,0
0df2a3e83,1,0,0
0df2a3e83,2,0,0
0df2a3e83,3,0,0
0df2a3e83,4,0,0
0df2a3e83,5,0,0
0df2a3e83,6,0,0
0df2a3e83,7,0,0
0df2a3e83,8,0,0
1432cf5bc,1,0,0
1432cf5bc,2,0,0
1432cf5bc,3,0,0
1432cf5bc,4,2,0
1432cf5bc,5,0,0
1432cf5bc,6,0,0
1432cf5bc,7,0,0
1432cf5bc,8,0,0
14b635cf6,1,1,0
14b635cf6,2,0,0
14b635cf6,3,0,0
14b635cf6,4,0,0
14b635cf6,5,0,0
14b635cf6,6,0,0
14b635cf6,7,0,0
14b635cf6,8,0,0
1a2b3c4d5,1,0,0
1a2b3c4d5,2,0,0
1a2b3c4d5,3,0,0
1a2b3c4d5,4,0,0
1a2b3c4d5,5,2,0
1a2b3c4d5,6,1,0
1a2b3c4d5,7,0,0
1a2b3c4d5,8,0,0
1b15cc98b,1,5,3
1b15cc98b,2,3,8
1b15cc98b,3,5,0
1b15cc98b,4,2,0
1b15cc98b,5,4,15
1b15cc98b,6,1,4
1b15cc98b,7,0,0
1b15cc98b,8,0,0
1b1f8c580,1,2,0
1b1f8c580,2,0,0
1b1f8c580,3,0,0
1b1f8c580,4,0,0
1b1f8c580,5,0,0
1b1f8c580,6,0,0
1b1f8c580,7,0,0
1b1f8c580,8,0,0
24040b457,1,1,0
24040b457,2,0,0
24040b457,3,0,0
24040b457,4,0,0
24040b457,5,0,0
24040b457,6,0,0
24040b457,7,0,0
24040b457,8,0,0
241b13d90,1,1,0
241b13d90,2,0,0
241b13d90,3,0,0
241b13d90,4,0,0
241b13d90,5,0,0
241b13d90,6,0,0
241b13d90,7,0,0
241b13d90,8,0,0
25ae63868,1,0,0
25ae63868,2,0,0
25ae63868,3,0,0
25ae63868,4,0,0
25ae63868,5,0,0
25ae63868,6,0,0
25ae63868,7,0,0
25ae63868,8,0,0
28b8f3b28,1,0,0
28b8f3b28,2,0,0
28b8f3b28,3,0,0
28b8f3b28,4,0,0
28b8f3b28,5,0,0
28b8f3b28,6,0,0
28b8f3b28,7,0,0
28b8f3b28,8,0,0
290f68400,1,2,6
290f68400,2,2,0
290f68400,3,0,0
290f68400,4,0,0
290f68400,5,0,0
290f68400,6,2,0
290f68400,7,0,0
290f68400,8,0,0
29b5f76de,1,0,0
29b5f76de,2,0,0
29b5f76de,3,0,0
29b5f76de,4,0,0
29b5f76de,5,0,0
29b5f76de,6,0,0
29b5f76de,7,0,0
29b5f76de,8,0,0
2e650f182,1,4,0
2e650f182,2,2,0
2e650f182,3,3,0
2e650f182,4,5,11
2e650f182,5,6,0
2e650f182,6,4,10
2e650f182,7,0,0
2e650f182,8,0,0
3129c5df4,1,3,0
3129c5df4,2,1,0
3129c5df4,3,1,0
3129c5df4,4,0,0
3129c5df4,5,0,0
3129c5df4,6,0,0
3129c5df4,7,0,0
3129c5df4,8,0,0
43a1176a0,1,4,14
43a1176a0,2,1,1
43a1176a0,3,4,18
43a1176a0,4,6,65
43a1176a0,5,4,0
43a1176a0,6,4,0
43a1176a0,7,0,0
43a1176a0,8,0,0
447d58a4a,1,1,0
447d58a4a,2,0,0
447d58a4a,3,0,0
447d58a4a,4,0,0
447d58a4a,5,0,0
447d58a4a,6,0,0
447d58a4a,7,0,0
447d58a4a,8,0,0
49a024d24,1,1,0
49a024d24,2,0,0
49a024d24,3,0,0
49a024d24,4,0,0
49a024d24,5,0,0
49a024d24,6,0,0
49a024d24,7,0,0
49a024d24,8,0,0
4d25d3ae6,1,0,0
4d25d3ae6,2,1,0
4d25d3ae6,3,0,0
4d25d3ae6,4,0,0
4d25d3ae6,5,0,0
4d25d3ae6,6,0,0
4d25d3ae6,7,0,0
4d25d3ae6,8,0,0
4f216a88f,1,0,0
4f216a88f,2,0,0
4f216a88f,3,0,0
4f216a88f,4,0,0
4f216a88f,5,0,0
4f216a88f,6,0,0
4f216a88f,7,0,0
4f216a88f,8,0,0
52b352f01,1,1,0
52b352f01,2,0,0
52b352f01,3,0,0
52b352f01,4,0,0
52b352f01,5,0,0
52b352f01,6,0,0
52b352f01,7,0,0
52b352f01,8,0,0
530dc442d,1,3,27
530dc442d,2,6,128
530dc442d,3,6,102
530dc442d,4,7,303
530dc442d,5,6,20
530dc442d,6,7,61
530dc442d,7,0,0
530dc442d,8,0,0
576c02e4a,1,0,0
576c02e4a,2,0,0
576c02e4a,3,1,0
576c02e4a,4,0,0
576c02e4a,5,0,0
576c02e4a,6,0,0
576c02e4a,7,0,0
576c02e4a,8,0,0
58313777a,1,3,0
58313777a,2,2,0
58313777a,3,3,0
58313777a,4,1,0
58313777a,5,0,0
58313777a,6,1,0
58313777a,7,0,0
58313777a,8,0,0
5a8d65597,1,0,0
5a8d65597,2,0,0
5a8d65597,3,4,0
5a8d65597,4,6,186
5a8d65597,5,2,0
5a8d65597,6,1,0
5a8d65597,7,0,0
5a8d65597,8,0,0
5d57ea410,1,1,0
5d57ea410,2,0,0
5d57ea410,3,0,0
5d57ea410,4,0,0
5d57ea410,5,0,0
5d57ea410,6,0,0
5d57ea410,7,0,0
5d57ea410,8,0,0
5e0b5e21d,1,0,0
5e0b5e21d,2,0,0
5e0b5e21d,3,1,0
5e0b5e21d,4,0,0
5e0b5e21d,5,0,0
5e0b5e21d,6,0,0
5e0b5e21d,7,0,0
5e0b5e21d,8,0,0
61bdbe9c0,1,3,19
61bdbe9c0,2,5,142
61bdbe9c0,3,6,47
61bdbe9c0,4,6,14
61bdbe9c0,5,5,9
61bdbe9c0,6,1,0
61bdbe9c0,7,0,0
61bdbe9c0,8,0,0
66684cd34,1,2,0
66684cd34,2,0,0
66684cd34,3,0,0
66684cd34,4,1,0
66684cd34,5,0,0
66684cd34,6,0,0
66684cd34,7,0,0
66684cd34,8,0,0
669b7b0fe,1,1,0
669b7b0fe,2,0,0
669b7b0fe,3,0,0
669b7b0fe,4,0,0
669b7b0fe,5,0,0
669b7b0fe,6,0,0
669b7b0fe,7,0,0
669b7b0fe,8,0,0
67bc7a71c,1,3,0
67bc7a71c,2,0,0
67bc7a71c,3,0,0
67bc7a71c,4,0,0
67bc7a71c,5,0,0
67bc7a71c,6,0,0
67bc7a71c,7,0,0
67bc7a71c,8,0,0
681e10d18,1,2,0
681e10d18,2,0,0
681e10d18,3,0,0
681e10d18,4,0,0
681e10d18,5,0,0
681e10d18,6,0,0
681e10d18,7,0,0
681e10d18,8,0,0
6e1ffbb96,1,4,0
6e1ffbb96,2,3,0
6e1ffbb96,3,4,16
6e1ffbb96,4,4,0
6e1ffbb96,5,4,3
6e1ffbb96,6,2,0
6e1ffbb96,7,0,0
6e1ffbb96,8,0,0
711e5927b,1,4,0
711e5927b,2,0,0
711e5927b,3,0,0
711e5927b,4,0,0
711e5927b,5,0,0
711e5927b,6,0,0
711e5927b,7,0,0
711e5927b,8,0,0
739284e3d,1,0,0
739284e3d,2,0,0
739284e3d,3,0,0
739284e3d,4,0,0
739284e3d,5,0,0
739284e3d,6,0,0
739284e3d,7,0,0
739284e3d,8,0,0
765a66baf,1,3,0
765a66baf,2,2,0
765a66baf,3,0,0
765a66baf,4,0,0
765a66baf,5,0,0
765a66baf,6,0,0
765a66baf,7,0,0
765a66baf,8,0,0
81b4aeaae,1,7,118
81b4aeaae,2,5,123
81b4aeaae,3,7,35
81b4aeaae,4,7,97
81b4aeaae,5,3,0
81b4aeaae,6,5,76
81b4aeaae,7,0,0
81b4aeaae,8,0,0
843617da0,1,3,0
843617da0,2,0,0
843617da0,3,1,0
843617da0,4,0,0
843617da0,5,0,0
843617da0,6,0,0
843617da0,7,0,0
843617da0,8,0,0
843c87f46,1,1,0
843c87f46,2,0,0
843c87f46,3,0,0
843c87f46,4,0,0
843c87f46,5,0,0
843c87f46,6,0,0
843c87f46,7,0,0
843c87f46,8,0,0
84a2beac0,1,1,0
84a2beac0,2,0,0
84a2beac0,3,0,0
84a2beac0,4,0,0
84a2beac0,5,0,0
84a2beac0,6,0,0
84a2beac0,7,0,0
84a2beac0,8,0,0
8972a5d80,1,2,0
8972a5d80,2,2,0
8972a5d80,3,0,0
8972a5d80,4,1,0
8972a5d80,5,1,0
8972a5d80,6,1,0
8972a5d80,7,0,0
8972a5d80,8,0,0
8bd77ca12,1,3,0
8bd77ca12,2,3,4
8bd77ca12,3,4,0
8bd77ca12,4,4,112
8bd77ca12,5,5,13
8bd77ca12,6,7,202
8bd77ca12,7,0,0
8bd77ca12,8,0,0
8c160a3e0,1,0,0
8c160a3e0,2,2,0
8c160a3e0,3,0,0
8c160a3e0,4,0,0
8c160a3e0,5,0,0
8c160a3e0,6,0,0
8c160a3e0,7,0,0
8c160a3e0,8,0,0
99a674c70,1,2,8
99a674c70,2,3,15
99a674c70,3,4,41
99a674c70,4,4,59
99a674c70,5,4,0
99a674c70,6,6,50
99a674c70,7,0,0
99a674c70,8,0,0
9fea395f4,1,2,0
9fea395f4,2,1,0
9fea395f4,3,2,0
9fea395f4,4,0,0
9fea395f4,5,1,0
9fea395f4,6,0,0
9fea395f4,7,0,0
9fea395f4,8,0,0
a29396f60,1,3,0
a29396f60,2,0,0
a29396f60,3,0,0
a29396f60,4,0,0
a29396f60,5,0,0
a29396f60,6,0,0
a29396f60,7,0,0
a29396f60,8,0,0
a9a0c14da,1,0,0
a9a0c14da,2,0,0
a9a0c14da,3,0,0
a9a0c14da,4,0,0
a9a0c14da,5,0,0
a9a0c14da,6,0,0
a9a0c14da,7,0,0
a9a0c14da,8,0,0
abcde6789,1,2,0
abcde6789,2,3,0
abcde6789,3,3,0
abcde6789,4,2,0
abcde6789,5,1,0
abcde6789,6,1,0
abcde6789,7,0,0
abcde6789,8,0,0
b562b0600,1,1,0
b562b0600,2,0,0
b562b0600,3,0,0
b562b0600,4,0,0
b562b0600,5,0,0
b562b0600,6,0,0
b562b0600,7,0,0
b562b0600,8,0,0
b6f6f90f4,1,1,0
b6f6f90f4,2,0,0
b6f6f90f4,3,0,0
b6f6f90f4,4,0,0
b6f6f90f4,5,0,0
b6f6f90f4,6,0,0
b6f6f90f4,7,0,0
b6f6f90f4,8,0,0
b8f49e310,1,1,0
b8f49e310,2,1,0
b8f49e310,3,2,0
b8f49e310,4,0,0
b8f49e310,5,0,0
b8f49e310,6,0,0
b8f49e310,7,0,0
b8f49e310,8,0,0
bcb418906,1,1,0
bcb418906,2,3,34
bcb418906,3,3,0
bcb418906,4,4,0
bcb418906,5,1,0
bcb418906,6,3,0
bcb418906,7,0,0
bcb418906,8,0,0
c0fe8de08,1,1,0
c0fe8de08,2,0,0
c0fe8de08,3,0,0
c0fe8de08,4,0,0
c0fe8de08,5,0,0
c0fe8de08,6,0,0
c0fe8de08,7,0,0
c0fe8de08,8,0,0
c640d6860,1,1,0
c640d6860,2,0,0
c640d6860,3,0,0
c640d6860,4,0,0
c640d6860,5,0,0
c640d6860,6,0,0
c640d6860,7,0,0
c640d6860,8,0,0
cce198a54,1,1,0
cce198a54,2,1,0
cce198a54,3,0,0
cce198a54,4,0,0
cce198a54,5,0,0
cce198a54,6,0,0
cce198a54,7,0,0
cce198a54,8,0,0
d55c77050,1,4,0
d55c77050,2,4,15
d55c77050,3,6,0
d55c77050,4,3,0
d55c77050,5,2,0
d55c77050,6,1,0
d55c77050,7,0,0
d55c77050,8,0,0
db920f9e6,1,7,37
db920f9e6,2,6,22
db920f9e6,3,1,0
db920f9e6,4,0,0
db920f9e6,5,0,0
db920f9e6,6,0,0
db920f9e6,7,0,0
db920f9e6,8,0,0
de4e8e3b2,1,0,0
de4e8e3b2,2,0,0
de4e8e3b2,3,0,0
de4e8e3b2,4,0,0
de4e8e3b2,5,0,0
de4e8e3b2,6,0,0
de4e8e3b2,7,0,0
de4e8e3b2,8,0,0
e42658209,1,2,0
e42658209,2,0,0
e42658209,3,0,0
e42658209,4,0,0
e42658209,5,0,0
e42658209,6,0,0
e42658209,7,0,0
e42658209,8,0,0
f0519a435,1,1,0
f0519a435,2,1,0
f0519a435,3,0,0
f0519a435,4,0,0
f0519a435,5,0,0
f0519a435,6,0,0
f0519a435,7,0,0
f0519a435,8,0,0
f14aac30c,1,3,0
f14aac30c,2,1,0
f14aac30c,3,0,0
f14aac30c,4,0,0
f14aac30c,5,0,0
f14aac30c,6,0,0
f14aac30c,7,0,0
f14aac30c,8,0,0
f84bc5730,1,0,0
f84bc5730,2,1,0
f84bc5730,3,0,0
f84bc5730,4,0,0
f84bc5730,5,0,0
f84bc5730,6,0,0
f84bc5730,7,0,0
f84bc5730,8,0,0
06c894610,1,5,0
06c894610,2,6,5
06c894610,3,2,0
06c894610,4,2,0
06c894610,5,0,0
06c894610,6,0,0
06c894610,7,0,0
06c894610,8,0,0
0deaecac0,1,1,0
0deaecac0,2,0,0
0deaecac0,3,0,0
0deaecac0,4,0,0
0deaecac0,5,0,0
0deaecac0,6,0,0
0deaecac0,7,0,0
0deaecac0,8,0,0
0df2a3e83,1,0,0
0df2a3e83,2,0,0
0df2a3e83,3,0,0
0df2a3e83,4,0,0
0df2a3e83,5,0,0
0df2a3e83,6,0,0
0df2a3e83,7,0,0
0df2a3e83,8,0,0
1432cf5bc,1,0,0
1432cf5bc,2,0,0
1432cf5bc,3,0,0
1432cf5bc,4,2,0
1432cf5bc,5,0,0
1432cf5bc,6,0,0
1432cf5bc,7,0,0
1432cf5bc,8,0,0
14b635cf6,1,1,0
14b635cf6,2,0,0
14b635cf6,3,0,0
14b635cf6,4,0,0
14b635cf6,5,0,0
14b635cf6,6,0,0
14b635cf6,7,0,0
14b635cf6,8,0,0
1a2b3c4d5,1,0,0
1a2b3c4d5,2,0,0
1a2b3c4d5,3,0,0
1a2b3c4d5,4,0,0
1a2b3c4d5,5,2,0
1a2b3c4d5,6,1,0
1a2b3c4d5,7,0,0
1a2b3c4d5,8,0,0
1b15cc98b,1,5,3
1b15cc98b,2,3,8
1b15cc98b,3,5,0
1b15cc98b,4,2,0
1b15cc98b,5,4,15
1b15cc98b,6,1,4
1b15cc98b,7,0,0
1b15cc98b,8,0,0
1b1f8c580,1,2,0
1b1f8c580,2,0,0
1b1f8c580,3,0,0
1b1f8c580,4,0,0
1b1f8c580,5,0,0
1b1f8c580,6,0,0
1b1f8c580,7,0,0
1b1f8c580,8,0,0
24040b457,1,1,0
24040b457,2,0,0
24040b457,3,0,0
24040b457,4,0,0
24040b457,5,0,0
24040b457,6,0,0
24040b457,7,0,0
24040b457,8,0,0
241b13d90,1,1,0
241b13d90,2,0,0
241b13d90,3,0,0
241b13d90,4,0,0
241b13d90,5,0,0
241b13d90,6,0,0
241b13d90,7,0,0
241b13d90,8,0,0
25ae63868,1,0,0
25ae63868,2,0,0
25ae63868,3,0,0
25ae63868,4,0,0
25ae63868,5,0,0
25ae63868,6,0,0
25ae63868,7,0,0
25ae63868,8,0,0
28b8f3b28,1,0,0
28b8f3b28,2,0,0
28b8f3b28,3,0,0
28b8f3b28,4,0,0
28b8f3b28,5,0,0
28b8f3b28,6,0,0
28b8f3b28,7,0,0
28b8f3b28,8,0,0
290f68400,1,2,6
290f68400,2,2,0
290f68400,3,0,0
290f68400,4,0,0
290f68400,5,0,0
290f68400,6,2,0
290f68400,7,0,0
290f68400,8,0,0
29b5f76de,1,0,0
29b5f76de,2,0,0
29b5f76de,3,0,0
29b5f76de,4,0,0
29b5f76de,5,0,0
29b5f76de,6,0,0
29b5f76de,7,0,0
29b5f76de,8,0,0
2e650f182,1,4,0
2e650f182,2,2,0
2e650f182,3,3,0
2e650f182,4,5,11
2e650f182,5,6,0
2e650f182,6,4,10
2e650f182,7,0,0
2e650f182,8,0,0
3129c5df4,1,3,0
3129c5df4,2,1,0
3129c5df4,3,1,0
3129c5df4,4,0,0
3129c5df4,5,0,0
3129c5df4,6,0,0
3129c5df4,7,0,0
3129c5df4,8,0,0
43a1176a0,1,4,14
43a1176a0,2,1,1
43a1176a0,3,4,18
43a1176a0,4,6,65
43a1176a0,5,4,0
43a1176a0,6,4,0
43a1176a0,7,0,0
43a1176a0,8,0,0
447d58a4a,1,1,0
447d58a4a,2,0,0
447d58a4a,3,0,0
447d58a4a,4,0,0
447d58a4a,5,0,0
447d58a4a,6,0,0
447d58a4a,7,0,0
447d58a4a,8,0,0
49a024d24,1,1,0
49a024d24,2,0,0
49a024d24,3,0,0
49a024d24,4,0,0
49a024d24,5,0,0
49a024d24,6,0,0
49a024d24,7,0,0
49a024d24,8,0,0
4d25d3ae6,1,0,0
4d25d3ae6,2,1,0
4d25d3ae6,3,0,0
4d25d3ae6,4,0,0
4d25d3ae6,5,0,0
4d25d3ae6,6,0,0
4d25d3ae6,7,0,0
4d25d3ae6,8,0,0
4f216a88f,1,0,0
4f216a88f,2,0,0
4f216a88f,3,0,0
4f216a88f,4,0,0
4f216a88f,5,0,0
4f216a88f,6,0,0
4f216a88f,7,0,0
4f216a88f,8,0,0
52b352f01,1,1,0
52b352f01,2,0,0
52b352f01,3,0,0
52b352f01,4,0,0
52b352f01,5,0,0
52b352f01,6,0,0
52b352f01,7,0,0
52b352f01,8,0,0
530dc442d,1,3,27
530dc442d,2,6,128
530dc442d,3,6,102
530dc442d,4,7,303
530dc442d,5,6,20
530dc442d,6,7,61
530dc442d,7,0,0
530dc442d,8,0,0
576c02e4a,1,0,0
576c02e4a,2,0,0
576c02e4a,3,1,0
576c02e4a,4,0,0
576c02e4a,5,0,0
576c02e4a,6,0,0
576c02e4a,7,0,0
576c02e4a,8,0,0
58313777a,1,3,0
58313777a,2,2,0
58313777a,3,3,0
58313777a,4,1,0
58313777a,5,0,0
58313777a,6,1,0
58313777a,7,0,0
58313777a,8,0,0
5a8d65597,1,0,0
5a8d65597,2,0,0
5a8d65597,3,4,0
5a8d65597,4,6,186
5a8d65597,5,2,0
5a8d65597,6,1,0
5a8d65597,7,0,0
5a8d65597,8,0,0
5d57ea410,1,1,0
5d57ea410,2,0,0
5d57ea410,3,0,0
5d57ea410,4,0,0
5d57ea410,5,0,0
5d57ea410,6,0,0
5d57ea410,7,0,0
5d57ea410,8,0,0
5e0b5e21d,1,0,0
5e0b5e21d,2,0,0
5e0b5e21d,3,1,0
5e0b5e21d,4,0,0
5e0b5e21d,5,0,0
5e0b5e21d,6,0,0
5e0b5e21d,7,0,0
5e0b5e21d,8,0,0
61bdbe9c0,1,3,19
61bdbe9c0,2,5,142
61bdbe9c0,3,6,47
61bdbe9c0,4,6,14
61bdbe9c0,5,5,9
61bdbe9c0,6,1,0
61bdbe9c0,7,0,0
61bdbe9c0,8,0,0
66684cd34,1,2,0
66684cd34,2,0,0
66684cd34,3,0,0
66684cd34,4,1,0
66684cd34,5,0,0
66684cd34,6,0,0
66684cd34,7,0,0
66684cd34,8,0,0
669b7b0fe,1,1,0
669b7b0fe,2,0,0
669b7b0fe,3,0,0
669b7b0fe,4,0,0
669b7b0fe,5,0,0
669b7b0fe,6,0,0
669b7b0fe,7,0,0
669b7b0fe,8,0,0
67bc7a71c,1,3,0
67bc7a71c,2,0,0
67bc7a71c,3,0,0
67bc7a71c,4,0,0
67bc7a71c,5,0,0
67bc7a71c,6,0,0
67bc7a71c,7,0,0
67bc7a71c,8,0,0
681e10d18,1,2,0
681e10d18,2,0,0
681e10d18,3,0,0
681e10d18,4,0,0
681e10d18,5,0,0
681e10d18,6,0,0
681e10d18,7,0,0
681e10d18,8,0,0
6e1ffbb96,1,4,0
6e1ffbb96,2,3,0
6e1ffbb96,3,4,16
6e1ffbb96,4,4,0
6e1ffbb96,5,4,3
6e1ffbb96,6,2,0
6e1ffbb96,7,0,0
6e1ffbb96,8,0,0
711e5927b,1,4,0
711e5927b,2,0,0
711e5927b,3,0,0
711e5927b,4,0,0
711e5927b,5,0,0
711e5927b,6,0,0
711e5927b,7,0,0
711e5927b,8,0,0
739284e3d,1,0,0
739284e3d,2,0,0
739284e3d,3,0,0
739284e3d,4,0,0
739284e3d,5,0,0
739284e3d,6,0,0
739284e3d,7,0,0
739284e3d,8,0,0
765a66baf,1,3,0
765a66baf,2,2,0
765a66baf,3,0,0
765a66baf,4,0,0
765a66baf,5,0,0
765a66baf,6,0,0
765a66baf,7,0,0
765a66baf,8,0,0
81b4aeaae,1,7,118
81b4aeaae,2,5,123
81b4aeaae,3,7,35
81b4aeaae,4,7,97
81b4aeaae,5,3,0
81b4aeaae,6,5,76
81b4aeaae,7,0,0
81b4aeaae,8,0,0
843617da0,1,3,0
843617da0,2,0,0
843617da0,3,1,0
843617da0,4,0,0
843617da0,5,0,0
843617da0,6,0,0
843617da0,7,0,0
843617da0,8,0,0
843c87f46,1,1,0
843c87f46,2,0,0
843c87f46,3,0,0
843c87f46,4,0,0
843c87f46,5,0,0
843c87f46,6,0,0
843c87f46,7,0,0
843c87f46,8,0,0
84a2beac0,1,1,0
84a2beac0,2,0,0
84a2beac0,3,0,0
84a2beac0,4,0,0
84a2beac0,5,0,0
84a2beac0,6,0,0
84a2beac0,7,0,0
84a2beac0,8,0,0
8972a5d80,1,2,0
8972a5d80,2,2,0
8972a5d80,3,0,0
8972a5d80,4,1,0
8972a5d80,5,1,0
8972a5d80,6,1,0
8972a5d80,7,0,0
8972a5d80,8,0,0
8bd77ca12,1,3,0
8bd77ca12,2,3,4
8bd77ca12,3,4,0
8bd77ca12,4,4,112
8bd77ca12,5,5,13
8bd77ca12,6,7,202
8bd77ca12,7,0,0
8bd77ca12,8,0,0
8c160a3e0,1,0,0
8c160a3e0,2,2,0
8c160a3e0,3,0,0
8c160a3e0,4,0,0
8c160a3e0,5,0,0
8c160a3e0,6,0,0
8c160a3e0,7,0,0
8c160a3e0,8,0,0
99a674c70,1,2,8
99a674c70,2,3,15
99a674c70,3,4,41
99a674c70,4,4,59
99a674c70,5,4,0
99a674c70,6,6,50
99a674c70,7,0,0
99a674c70,8,0,0
9fea395f4,1,2,0
9fea395f4,2,1,0
9fea395f4,3,2,0
9fea395f4,4,0,0
9fea395f4,5,1,0
9fea395f4,6,0,0
9fea395f4,7,0,0
9fea395f4,8,0,0
a29396f60,1,3,0
a29396f60,2,0,0
a29396f60,3,0,0
a29396f60,4,0,0
a29396f60,5,0,0
a29396f60,6,0,0
a29396f60,7,0,0
a29396f60,8,0,0
a9a0c14da,1,0,0
a9a0c14da,2,0,0
a9a0c14da,3,0,0
a9a0c14da,4,0,0
a9a0c14da,5,0,0
a9a0c14da,6,0,0
a9a0c14da,7,0,0
a9a0c14da,8,0,0
abcde6789,1,2,0
abcde6789,2,3,0
abcde6789,3,3,0
abcde6789,4,2,0
abcde6789,5,1,0
abcde6789,6,1,0
abcde6789,7,0,0
abcde6789,8,0,0
b562b0600,1,1,0
b562b0600,2,0,0
b562b0600,3,0,0
b562b0600,4,0,0
b562b0600,5,0,0
b562b0600,6,0,0
b562b0600,7,0,0
b562b0600,8,0,0
b6f6f90f4,1,1,0
b6f6f90f4,2,0,0
b6f6f90f4,3,0,0
b6f6f90f4,4,0,0
b6f6f90f4,5,0,0
b6f6f90f4,6,0,0
b6f6f90f4,7,0,0
b6f6f90f4,8,0,0
b8f49e310,1,1,0
b8f49e310,2,1,0
b8f49e310,3,2,0
b8f49e310,4,0,0
b8f49e310,5,0,0
b8f49e310,6,0,0
b8f49e310,7,0,0
b8f49e310,8,0,0
bcb418906,1,1,0
bcb418906,2,3,34
bcb418906,3,3,0
bcb418906,4,4,0
bcb418906,5,1,0
bcb418906,6,3,0
bcb418906,7,0,0
bcb418906,8,0,0
c0fe8de08,1,1,0
c0fe8de08,2,0,0
c0fe8de08,3,0,0
c0fe8de08,4,0,0
c0fe8de08,5,0,0
c0fe8de08,6,0,0
c0fe8de08,7,0,0
c0fe8de08,8,0,0
c640d6860,1,1,0
c640d6860,2,0,0
c640d6860,3,0,0
c640d6860,4,0,0
c640d6860,5,0,0
c640d6860,6,0,0
c640d6860,7,0,0
c640d6860,8,0,0
cce198a54,1,1,0
cce198a54,2,1,0
cce198a54,3,0,0
cce198a54,4,0,0
cce198a54,5,0,0
cce198a54,6,0,0
cce198a54,7,0,0
cce198a54,8,0,0
d55c77050,1,4,0
d55c77050,2,4,15
d55c77050,3,6,0
d55c77050,4,3,0
d55c77050,5,2,0
d55c77050,6,1,0
d55c77050,7,0,0
d55c77050,8,0,0
db920f9e6,1,7,37
db920f9e6,2,6,22
db920f9e6,3,1,0
db920f9e6,4,0,0
db920f9e6,5,0,0
db920f9e6,6,0,0
db920f9e6,7,0,0
db920f9e6,8,0,0
de4e8e3b2,1,0,0
de4e8e3b2,2,0,0
de4e8e3b2,3,0,0
de4e8e3b2,4,0,0
de4e8e3b2,5,0,0
de4e8e3b2,6,0,0
de4e8e3b2,7,0,0
de4e8e3b2,8,0,0
e42658209,1,2,0
e42658209,2,0,0
e42658209,3,0,0
e42658209,4,0,0
e42658209,5,0,0
e42658209,6,0,0
e42658209,7,0,0
e42658209,8,0,0
f0519a435,1,1,0
f0519a435,2,1,0
f0519a435,3,0,0
f0519a435,4,0,0
f0519a435,5,0,0
f0519a435,6,0,0
f0519a435,7,0,0
f0519a435,8,0,0
f14aac30c,1,3,0
f14aac30c,2,1,0
f14aac30c,3,0,0
f14aac30c,4,0,0
f14aac30c,5,0,0
f14aac30c,6,0,0
f14aac30c,7,0,0
f14aac30c,8,0,0
f84bc5730,1,0,0
f84bc5730,2,1,0
f84bc5730,3,0,0
f84bc5730,4,0,0
f84bc5730,5,0,0
f84bc5730,6,0,0
f84bc5730,7,0,0
f84bc5730,8,0,0
06c894610,1,5,0
06c894610,2,6,5
06c894610,3,2,0
06c894610,4,2,0
06c894610,5,0,0
06c894610,6,0,0
06c894610,7,0,0
06c894610,8,0,0
0deaecac0,1,1,0
0deaecac0,2,0,0
0deaecac0,3,0,0
0deaecac0,4,0,0
0deaecac0,5,0,0
0deaecac0,6,0,0
0deaecac0,7,0,0
0deaecac0,8,0,0
0df2a3e83,1,0,0
0df2a3e83,2,0,0
0df2a3e83,3,0,0
0df2a3e83,4,0,0
0df2a3e83,5,0,0
0df2a3e83,6,0,0
0df2a3e83,7,0,0
0df2a3e83,8,0,0
1432cf5bc,1,0,0
1432cf5bc,2,0,0
1432cf5bc,3,0,0
1432cf5bc,4,2,0
1432cf5bc,5,0,0
1432cf5bc,6,0,0
1432cf5bc,7,0,0
1432cf5bc,8,0,0
14b635cf6,1,1,0
14b635cf6,2,0,0
14b635cf6,3,0,0
14b635cf6,4,0,0
14b635cf6,5,0,0
14b635cf6,6,0,0
14b635cf6,7,0,0
14b635cf6,8,0,0
1a2b3c4d5,1,0,0
1a2b3c4d5,2,0,0
1a2b3c4d5,3,0,0
1a2b3c4d5,4,0,0
1a2b3c4d5,5,2,0
1a2b3c4d5,6,1,0
1a2b3c4d5,7,0,0
1a2b3c4d5,8,0,0
1b15cc98b,1,5,3
1b15cc98b,2,3,8
1b15cc98b,3,5,0
1b15cc98b,4,2,0
1b15cc98b,5,4,15
1b15cc98b,6,1,4
1b15cc98b,7,0,0
1b15cc98b,8,0,0
1b1f8c580,1,2,0
1b1f8c580,2,0,0
1b1f8c580,3,0,0
1b1f8c580,4,0,0
1b1f8c580,5,0,0
1b1f8c580,6,0,0
1b1f8c580,7,0,0
1b1f8c580,8,0,0
24040b457,1,1,0
24040b457,2,0,0
24040b457,3,0,0
24040b457,4,0,0
24040b457,5,0,0
24040b457,6,0,0
24040b457,7,0,0
24040b457,8,0,0
241b13d90,1,1,0
241b13d90,2,0,0
241b13d90,3,0,0
241b13d90,4,0,0
241b13d90,5,0,0
241b13d90,6,0,0
241b13d90,7,0,0
241b13d90,8,0,0
25ae63868,1,0,0
25ae63868,2,0,0
25ae63868,3,0,0
25ae63868,4,0,0
25ae63868,5,0,0
25ae63868,6,0,0
25ae63868,7,0,0
25ae63868,8,0,0
28b8f3b28,1,0,0
28b8f3b28,2,0,0
28b8f3b28,3,0,0
28b8f3b28,4,0,0
28b8f3b28,5,0,0
28b8f3b28,6,0,0
28b8f3b28,7,0,0
28b8f3b28,8,0,0
290f68400,1,2,6
290f68400,2,2,0
290f68400,3,0,0
290f68400,4,0,0
290f68400,5,0,0
290f68400,6,2,0
290f68400,7,0,0
290f68400,8,0,0
29b5f76de,1,0,0
29b5f76de,2,0,0
29b5f76de,3,0,0
29b5f76de,4,0,0
29b5f76de,5,0,0
29b5f76de,6,0,0
29b5f76de,7,0,0
29b5f76de,8,0,0
2e650f182,1,4,0
2e650f182,2,2,0
2e650f182,3,3,0
2e650f182,4,5,11
2e650f182,5,6,0
2e650f182,6,4,10
2e650f182,7,0,0
2e650f182,8,0,0
3129c5df4,1,3,0
3129c5df4,2,1,0
3129c5df4,3,1,0
3129c5df4,4,0,0
3129c5df4,5,0,0
3129c5df4,6,0,0
3129c5df4,7,0,0
3129c5df4,8,0,0
43a1176a0,1,4,14
43a1176a0,2,1,1
43a1176a0,3,4,18
43a1176a0,4,6,65
43a1176a0,5,4,0
43a1176a0,6,4,0
43a1176a0,7,0,0
43a1176a0,8,0,0
447d58a4a,1,1,0
447d58a4a,2,0,0
447d58a4a,3,0,0
447d58a4a,4,0,0
447d58a4a,5,0,0
447d58a4a,6,0,0
447d58a4a,7,0,0
447d58a4a,8,0,0
49a024d24,1,1,0
49a024d24,2,0,0
49a024d24,3,0,0
49a024d24,4,0,0
49a024d24,5,0,0
49a024d24,6,0,0
49a024d24,7,0,0
49a024d24,8,0,0
4d25d3ae6,1,0,0
4d25d3ae6,2,1,0
4d25d3ae6,3,0,0
4d25d3ae6,4,0,0
4d25d3ae6,5,0,0
4d25d3ae6,6,0,0
4d25d3ae6,7,0,0
4d25d3ae6,8,0,0
4f216a88f,1,0,0
4f216a88f,2,0,0
4f216a88f,3,0,0
4f216a88f,4,0,0
4f216a88f,5,0,0
4f216a88f,6,0,0
4f216a88f,7,0,0
4f216a88f,8,0,0
52b352f01,1,1,0
52b352f01,2,0,0
52b352f01,3,0,0
52b352f01,4,0,0
52b352f01,5,0,0
52b352f01,6,0,0
52b352f01,7,0,0
52b352f01,8,0,0
530dc442d,1,3,27
530dc442d,2,6,128
530dc442d,3,6,102
530dc442d,4,7,303
530dc442d,5,6,20
530dc442d,6,7,61
530dc442d,7,0,0
530dc442d,8,0,0
576c02e4a,1,0,0
576c02e4a,2,0,0
576c02e4a,3,1,0
576c02e4a,4,0,0
576c02e4a,5,0,0
576c02e4a,6,0,0
576c02e4a,7,0,0
576c02e4a,8,0,0
58313777a,1,3,0
58313777a,2,2,0
58313777a,3,3,0
58313777a,4,1,0
58313777a,5,0,0
58313777a,6,1,0
58313777a,7,0,0
58313777a,8,0,0
5a8d65597,1,0,0
5a8d65597,2,0,0
5a8d65597,3,4,0
5a8d65597,4,6,186
5a8d65597,5,2,0
5a8d65597,6,1,0
5a8d65597,7,0,0
5a8d65597,8,0,0
5d57ea410,1,1,0
5d57ea410,2,0,0
5d57ea410,3,0,0
5d57ea410,4,0,0
5d57ea410,5,0,0
5d57ea410,6,0,0
5d57ea410,7,0,0
5d57ea410,8,0,0
5e0b5e21d,1,0,0
5e0b5e21d,2,0,0
5e0b5e21d,3,1,0
5e0b5e21d,4,0,0
5e0b5e21d,5,0,0
5e0b5e21d,6,0,0
5e0b5e21d,7,0,0
5e0b5e21d,8,0,0
61bdbe9c0,1,3,19
61bdbe9c0,2,5,142
61bdbe9c0,3,6,47
61bdbe9c0,4,6,14
61bdbe9c0,5,5,9
61bdbe9c0,6,1,0
61bdbe9c0,7,0,0
61bdbe9c0,8,0,0
66684cd34,1,2,0
66684cd34,2,0,0
66684cd34,3,0,0
66684cd34,4,1,0
66684cd34,5,0,0
66684cd34,6,0,0
66684cd34,7,0,0
66684cd34,8,0,0
669b7b0fe,1,1,0
669b7b0fe,2,0,0
669b7b0fe,3,0,0
669b7b0fe,4,0,0
669b7b0fe,5,0,0
669b7b0fe,6,0,0
669b7b0fe,7,0,0
669b7b0fe,8,0,0
67bc7a71c,1,3,0
67bc7a71c,2,0,0
67bc7a71c,3,0,0
67bc7a71c,4,0,0
67bc7a71c,5,0,0
67bc7a71c,6,0,0
67bc7a71c,7,0,0
67bc7a71c,8,0,0
681e10d18,1,2,0
681e10d18,2,0,0
681e10d18,3,0,0
681e10d18,4,0,0
681e10d18,5,0,0
681e10d18,6,0,0
681e10d18,7,0,0
681e10d18,8,0,0
6e1ffbb96,1,4,0
6e1ffbb96,2,3,0
6e1ffbb96,3,4,16
6e1ffbb96,4,4,0
6e1ffbb96,5,4,3
6e1ffbb96,6,2,0
6e1ffbb96,7,0,0
6e1ffbb96,8,0,0
711e5927b,1,4,0
711e5927b,2,0,0
711e5927b,3,0,0
711e5927b,4,0,0
711e5927b,5,0,0
711e5927b,6,0,0
711e5927b,7,0,0
711e5927b,8,0,0
739284e3d,1,0,0
739284e3d,2,0,0
739284e3d,3,0,0
739284e3d,4,0,0
739284e3d,5,0,0
739284e3d,6,0,0
739284e3d,7,0,0
739284e3d,8,0,0
765a66baf,1,3,0
765a66baf,2,2,0
765a66baf,3,0,0
765a66baf,4,0,0
765a66baf,5,0,0
765a66baf,6,0,0
765a66baf,7,0,0
765a66baf,8,0,0
81b4aeaae,1,7,118
81b4aeaae,2,5,123
81b4aeaae,3,7,35
81b4aeaae,4,7,97
81b4aeaae,5,3,0
81b4aeaae,6,5,76
81b4aeaae,7,0,0
81b4aeaae,8,0,0
843617da0,1,3,0
843617da0,2,0,0
843617da0,3,1,0
843617da0,4,0,0
843617da0,5,0,0
843617da0,6,0,0
843617da0,7,0,0
843617da0,8,0,0
843c87f46,1,1,0
843c87f46,2,0,0
843c87f46,3,0,0
843c87f46,4,0,0
843c87f46,5,0,0
843c87f46,6,0,0
843c87f46,7,0,0
843c87f46,8,0,0
84a2beac0,1,1,0
84a2beac0,2,0,0
84a2beac0,3,0,0
84a2beac0,4,0,0
84a2beac0,5,0,0
84a2beac0,6,0,0
84a2beac0,7,0,0
84a2beac0,8,0,0
8972a5d80,1,2,0
8972a5d80,2,2,0
8972a5d80,3,0,0
8972a5d80,4,1,0
8972a5d80,5,1,0
8972a5d80,6,1,0
8972a5d80,7,0,0
8972a5d80,8,0,0
8bd77ca12,1,3,0
8bd77ca12,2,3,4
8bd77ca12,3,4,0
8bd77ca12,4,4,112
8bd77ca12,5,5,13
8bd77ca12,6,7,202
8bd77ca12,7,0,0
8bd77ca12,8,0,0
8c160a3e0,1,0,0
8c160a3e0,2,2,0
8c160a3e0,3,0,0
8c160a3e0,4,0,0
8c160a3e0,5,0,0
8c160a3e0,6,0,0
8c160a3e0,7,0,0
8c160a3e0,8,0,0
99a674c70,1,2,8
99a674c70,2,3,15
99a674c70,3,4,41
99a674c70,4,4,59
99a674c70,5,4,0
99a674c70,6,6,50
99a674c70,7,0,0
99a674c70,8,0,0
9fea395f4,1,2,0
9fea395f4,2,1,0
9fea395f4,3,2,0
9fea395f4,4,0,0
9fea395f4,5,1,0
9fea395f4,6,0,0
9fea395f4,7,0,0
9fea395f4,8,0,0
a29396f60,1,3,0
a29396f60,2,0,0
a29396f60,3,0,0
a29396f60,4,0,0
a29396f60,5,0,0
a29396f60,6,0,0
a29396f60,7,0,0
a29396f60,8,0,0
a9a0c14da,1,0,0
a9a0c14da,2,0,0
a9a0c14da,3,0,0
a9a0c14da,4,0,0
a9a0c14da,5,0,0
a9a0c14da,6,0,0
a9a0c14da,7,0,0
a9a0c14da,8,0,0
abcde6789,1,2,0
abcde6789,2,3,0
abcde6789,3,3,0
abcde6789,4,2,0
abcde6789,5,1,0
abcde6789,6,1,0
abcde6789,7,0,0
abcde6789,8,0,0
b562b0600,1,1,0
b562b0600,2,0,0
b562b0600,3,0,0
b562b0600,4,0,0
b562b0600,5,0,0
b562b0600,6,0,0
b562b0600,7,0,0
b562b0600,8,0,0
b6f6f90f4,1,1,0
b6f6f90f4,2,0,0
b6f6f90f4,3,0,0
b6f6f90f4,4,0,0
b6f6f90f4,5,0,0
b6f6f90f4,6,0,0
b6f6f90f4,7,0,0
b6f6f90f4,8,0,0
b8f49e310,1,1,0
b8f49e310,2,1,0
b8f49e310,3,2,0
b8f49e310,4,0,0
b8f49e310,5,0,0
b8f49e310,6,0,0
b8f49e310,7,0,0
b8f49e310,8,0,0
bcb418906,1,1,0
bcb418906,2,3,34
bcb418906,3,3,0
bcb418906,4,4,0
bcb418906,5,1,0
bcb418906,6,3,0
bcb418906,7,0,0
bcb418906,8,0,0
c0fe8de08,1,1,0
c0fe8de08,2,0,0
c0fe8de08,3,0,0
c0fe8de08,4,0,0
c0fe8de08,5,0,0
c0fe8de08,6,0,0
c0fe8de08,7,0,0
c0fe8de08,8,0,0
c640d6860,1,1,0
c640d6860,2,0,0
c640d6860,3,0,0
c640d6860,4,0,0
c640d6860,5,0,0
c640d6860,6,0,0
c640d6860,7,0,0
c640d6860,8,0,0
cce198a54,1,1,0
cce198a54,2,1,0
cce198a54,3,0,0
cce198a54,4,0,0
cce198a54,5,0,0
cce198a54,6,0,0
cce198a54,7,0,0
cce198a54,8,0,0
d55c77050,1,4,0
d55c77050,2,4,15
d55c77050,3,6,0
d55c77050,4,3,0
d55c77050,5,2,0
d55c77050,6,1,0
d55c77050,7,0,0
d55c77050,8,0,0
db920f9e6,1,7,37
db920f9e6,2,6,22
db920f9e6,3,1,0
db920f9e6,4,0,0
db920f9e6,5,0,0
db920f9e6,6,0,0
db920f9e6,7,0,0
db920f9e6,8,0,0
de4e8e3b2,1,0,0
de4e8e3b2,2,0,0
de4e8e3b2,3,0,0
de4e8e3b2,4,0,0
de4e8e3b2,5,0,0
de4e8e3b2,6,0,0
de4e8e3b2,7,0,0
de4e8e3b2,8,0,0
e42658209,1,2,0
e42658209,2,0,0
e42658209,3,0,0
e42658209,4,0,0
e42658209,5,0,0
e42658209,6,0,0
e42658209,7,0,0
e42658209,8,0,0
f0519a435,1,1,0
f0519a435,2,1,0
f0519a435,3,0,0
f0519a435,4,0,0
f0519a435,5,0,0
f0519a435,6,0,0
f0519a435,7,0,0
f0519a435,8,0,0
f14aac30c,1,3,0
f14aac30c,2,1,0
f14aac30c,3,0,0
f14aac30c,4,0,0
f14aac30c,5,0,0
f14aac30c,6,0,0
f14aac30c,7,0,0
f14aac30c,8,0,0
f84bc5730,1,0,0
f84bc5730,2,1,0
f84bc5730,3,0,0
f84bc5730,4,0,0
f84bc5730,5,0,0
f84bc5730,6,0,0
f84bc5730,7,0,0
f84bc5730,8,0,0
06c894610,1,5,0
06c894610,2,6,5
06c894610,3,2,0
06c894610,4,2,0
06c894610,5,0,0
06c894610,6,0,0
06c894610,7,0,0
06c894610,8,0,0
0deaecac0,1,1,0
0deaecac0,2,0,0
0deaecac0,3,0,0
0deaecac0,4,0,0
0deaecac0,5,0,0
0deaecac0,6,0,0
0deaecac0,7,0,0
0deaecac0,8,0,0
0df2a3e83,1,0,0
0df2a3e83,2,0,0
0df2a3e83,3,0,0
0df2a3e83,4,0,0
0df2a3e83,5,0,0
0df2a3e83,6,0,0
0df2a3e83,7,0,0
0df2a3e83,8,0,0
1432cf5bc,1,0,0
1432cf5bc,2,0,0
1432cf5bc,3,0,0
1432cf5bc,4,2,0
1432cf5bc,5,0,0
1432cf5bc,6,0,0
1432cf5bc,7,0,0
1432cf5bc,8,0,0
14b635cf6,1,1,0
14b635cf6,2,0,0
14b635cf6,3,0,0
14b635cf6,4,0,0
14b635cf6,5,0,0
14b635cf6,6,0,0
14b635cf6,7,0,0
14b635cf6,8,0,0
1a2b3c4d5,1,0,0
1a2b3c4d5,2,0,0
1a2b3c4d5,3,0,0
1a2b3c4d5,4,0,0
1a2b3c4d5,5,2,0
1a2b3c4d5,6,1,0
1a2b3c4d5,7,0,0
1a2b3c4d5,8,0,0
1b15cc98b,1,5,3
1b15cc98b,2,3,8
1b15cc98b,3,5,0
1b15cc98b,4,2,0
1b15cc98b,5,4,15
1b15cc98b,6,1,4
1b15cc98b,7,0,0
1b15cc98b,8,0,0
1b1f8c580,1,2,0
1b1f8c580,2,0,0
1b1f8c580,3,0,0
1b1f8c580,4,0,0
1b1f8c580,5,0,0
1b1f8c580,6,0,0
1b1f8c580,7,0,0
1b1f8c580,8,0,0
24040b457,1,1,0
24040b457,2,0,0
24040b457,3,0,0
24040b457,4,0,0
24040b457,5,0,0
24040b457,6,0,0
24040b457,7,0,0
24040b457,8,0,0
241b13d90,1,1,0
241b13d90,2,0,0
241b13d90,3,0,0
241b13d90,4,0,0
241b13d90,5,0,0
241b13d90,6,0,0
241b13d90,7,0,0
241b13d90,8,0,0
25ae63868,1,0,0
25ae63868,2,0,0
25ae63868,3,0,0
25ae63868,4,0,0
25ae63868,5,0,0
25ae63868,6,0,0
25ae63868,7,0,0
25ae63868,8,0,0
28b8f3b28,1,0,0
28b8f3b28,2,0,0
28b8f3b28,3,0,0
28b8f3b28,4,0,0
28b8f3b28,5,0,0
28b8f3b28,6,0,0
28b8f3b28,7,0,0
28b8f3b28,8,0,0
290f68400,1,2,6
290f68400,2,2,0
290f68400,3,0,0
290f68400,4,0,0
290f68400,5,0,0
290f68400,6,2,0
290f68400,7,0,0
290f68400,8,0,0
29b5f76de,1,0,0
29b5f76de,2,0,0
29b5f76de,3,0,0
29b5f76de,4,0,0
29b5f76de,5,0,0
29b5f76de,6,0,0
29b5f76de,7,0,0
29b5f76de,8,0,0
2e650f182,1,4,0
2e650f182,2,2,0
2e650f182,3,3,0
2e650f182,4,5,11
2e650f182,5,6,0
2e650f182,6,4,10
2e650f182,7,0,0
2e650f182,8,0,0
3129c5df4,1,3,0
3129c5df4,2,1,0
3129c5df4,3,1,0
3129c5df4,4,0,0
3129c5df4,5,0,0
3129c5df4,6,0,0
3129c5df4,7,0,0
3129c5df4,8,0,0
43a1176a0,1,4,14
43a1176a0,2,1,1
43a1176a0,3,4,18
43a1176a0,4,6,65
43a1176a0,5,4,0
43a1176a0,6,4,0
43a1176a0,7,0,0
43a1176a0,8,0,0
447d58a4a,1,1,0
447d58a4a,2,0,0
447d58a4a,3,0,0
447d58a4a,4,0,0
447d58a4a,5,0,0
447d58a4a,6,0,0
447d58a4a,7,0,0
447d58a4a,8,0,0
49a024d24,1,1,0
49a024d24,2,0,0
49a024d24,3,0,0
49a024d24,4,0,0
49a024d24,5,0,0
49a024d24,6,0,0
49a024d24,7,0,0
49a024d24,8,0,0
4d25d3ae6,1,0,0
4d25d3ae6,2,1,0
4d25d3ae6,3,0,0
4d25d3ae6,4,0,0
4d25d3ae6,5,0,0
4d25d3ae6,6,0,0
4d25d3ae6,7,0,0
4d25d3ae6,8,0,0
4f216a88f,1,0,0
4f216a88f,2,0,0
4f216a88f,3,0,0
4f216a88f,4,0,0
4f216a88f,5,0,0
4f216a88f,6,0,0
4f216a88f,7,0,0
4f216a88f,8,0,0
52b352f01,1,1,0
52b352f01,2,0,0
52b352f01,3,0,0
52b352f01,4,0,0
52b352f01,5,0,0
52b352f01,6,0,0
52b352f01,7,0,0
52b352f01,8,0,0
530dc442d,1,3,27
530dc442d,2,6,128
530dc442d,3,6,102
530dc442d,4,7,303
530dc442d,5,6,20
530dc442d,6,7,61
530dc442d,7,0,0
530dc442d,8,0,0
576c02e4a,1,0,0
576c02e4a,2,0,0
576c02e4a,3,1,0
576c02e4a,4,0,0
576c02e4a,5,0,0
576c02e4a,6,0,0
576c02e4a,7,0,0
576c02e4a,8,0,0
58313777a,1,3,0
58313777a,2,2,0
58313777a,3,3,0
58313777a,4,1,0
58313777a,5,0,0
58313777a,6,1,0
58313777a,7,0,0
58313777a,8,0,0
5a8d65597,1,0,0
5a8d65597,2,0,0
5a8d65597,3,4,0
5a8d65597,4,6,186
5a8d65597,5,2,0
5a8d65597,6,1,0
5a8d65597,7,0,0
5a8d65597,8,0,0
5d57ea410,1,1,0
5d57ea410,2,0,0
5d57ea410,3,0,0
5d57ea410,4,0,0
5d57ea410,5,0,0
5d57ea410,6,0,0
5d57ea410,7,0,0
5d57ea410,8,0,0
5e0b5e21d,1,0,0
5e0b5e21d,2,0,0
5e0b5e21d,3,1,0
5e0b5e21d,4,0,0
5e0b5e21d,5,0,0
5e0b5e21d,6,0,0
5e0b5e21d,7,0,0
5e0b5e21d,8,0,0
61bdbe9c0,1,3,19
61bdbe9c0,2,5,142
61bdbe9c0,3,6,47
61bdbe9c0,4,6,14
61bdbe9c0,5,5,9
61bdbe9c0,6,1,0
61bdbe9c0,7,0,0
61bdbe9c0,8,0,0
66684cd34,1,2,0
66684cd34,2,0,0
66684cd34,3,0,0
66684cd34,4,1,0
66684cd34,5,0,0
66684cd34,6,0,0
66684cd34,7,0,0
66684cd34,8,0,0
669b7b0fe,1,1,0
669b7b0fe,2,0,0
669b7b0fe,3,0,0
669b7b0fe,4,0,0
669b7b0fe,5,0,0
669b7b0fe,6,0,0
669b7b0fe,7,0,0
669b7b0fe,8,0,0
67bc7a71c,1,3,0
67bc7a71c,2,0,0
67bc7a71c,3,0,0
67bc7a71c,4,0,0
67bc7a71c,5,0,0
67bc7a71c,6,0,0
67bc7a71c,7,0,0
67bc7a71c,8,0,0
681e10d18,1,2,0
681e10d18,2,0,0
681e10d18,3,0,0
681e10d18,4,0,0
681e10d18,5,0,0
681e10d18,6,0,0
681e10d18,7,0,0
681e10d18,8,0,0
6e1ffbb96,1,4,0
6e1ffbb96,2,3,0
6e1ffbb96,3,4,16
6e1ffbb96,4,4,0
6e1ffbb96,5,4,3
6e1ffbb96,6,2,0
6e1ffbb96,7,0,0
6e1ffbb96,8,0,0
711e5927b,1,4,0
711e5927b,2,0,0
711e5927b,3,0,0
711e5927b,4,0,0
711e5927b,5,0,0
711e5927b,6,0,0
711e5927b,7,0,0
711e5927b,8,0,0
739284e3d,1,0,0
739284e3d,2,0,0
739284e3d,3,0,0
739284e3d,4,0,0
739284e3d,5,0,0
739284e3d,6,0,0
739284e3d,7,0,0
739284e3d,8,0,0
765a66baf,1,3,0
765a66baf,2,2,0
765a66baf,3,0,0
765a66baf,4,0,0
765a66baf,5,0,0
765a66baf,6,0,0
765a66baf,7,0,0
765a66baf,8,0,0
81b4aeaae,1,7,118
81b4aeaae,2,5,123
81b4aeaae,3,7,35
81b4aeaae,4,7,97
81b4aeaae,5,3,0
81b4aeaae,6,5,76
81b4aeaae,7,0,0
81b4aeaae,8,0,0
843617da0,1,3,0
843617da0,2,0,0
843617da0,3,1,0
843617da0,4,0,0
843617da0,5,0,0
843617da0,6,0,0
843617da0,7,0,0
843617da0,8,0,0
843c87f46,1,1,0
843c87f46,2,0,0
843c87f46,3,0,0
843c87f46,4,0,0
843c87f46,5,0,0
843c87f46,6,0,0
843c87f46,7,0,0
843c87f46,8,0,0
84a2beac0,1,1,0
84a2beac0,2,0,0
84a2beac0,3,0,0
84a2beac0,4,0,0
84a2beac0,5,0,0
84a2beac0,6,0,0
84a2beac0,7,0,0
84a2beac0,8,0,0
8972a5d80,1,2,0
8972a5d80,2,2,0
8972a5d80,3,0,0
8972a5d80,4,1,0
8972a5d80,5,1,0
8972a5d80,6,1,0
8972a5d80,7,0,0
8972a5d80,8,0,0
8bd77ca12,1,3,0
8bd77ca12,2,3,4
8bd77ca12,3,4,0
8bd77ca12,4,4,112
8bd77ca12,5,5,13
8bd77ca12,6,7,202
8bd77ca12,7,0,0
8bd77ca12,8,0,0
8c160a3e0,1,0,0
8c160a3e0,2,2,0
8c160a3e0,3,0,0
8c160a3e0,4,0,0
8c160a3e0,5,0,0
8c160a3e0,6,0,0
8c160a3e0,7,0,0
8c160a3e0,8,0,0
99a674c70,1,2,8
99a674c70,2,3,15
99a674c70,3,4,41
99a674c70,4,4,59
99a674c70,5,4,0
99a674c70,6,6,50
99a674c70,7,0,0
99a674c70,8,0,0
9fea395f4,1,2,0
9fea395f4,2,1,0
9fea395f4,3,2,0
9fea395f4,4,0,0
9fea395f4,5,1,0
9fea395f4,6,0,0
9fea395f4,7,0,0
9fea395f4,8,0,0
a29396f60,1,3,0
a29396f60,2,0,0
a29396f60,3,0,0
a29396f60,4,0,0
a29396f60,5,0,0
a29396f60,6,0,0
a29396f60,7,0,0
a29396f60,8,0,0
a9a0c14da,1,0,0
a9a0c14da,2,0,0
a9a0c14da,3,0,0
a9a0c14da,4,0,0
a9a0c14da,5,0,0
a9a0c14da,6,0,0
a9a0c14da,7,0,0
a9a0c14da,8,0,0
abcde6789,1,2,0
abcde6789,2,3,0
abcde6789,3,3,0
abcde6789,4,2,0
abcde6789,5,1,0
abcde6789,6,1,0
abcde6789,7,0,0
abcde6789,8,0,0
b562b0600,1,1,0
b562b0600,2,0,0
b562b0600,3,0,0
b562b0600,4,0,0
b562b0600,5,0,0
b562b0600,6,0,0
b562b0600,7,0,0
b562b0600,8,0,0
b6f6f90f4,1,1,0
b6f6f90f4,2,0,0
b6f6f90f4,3,0,0
b6f6f90f4,4,0,0
b6f6f90f4,5,0,0
b6f6f90f4,6,0,0
b6f6f90f4,7,0,0
b6f6f90f4,8,0,0
b8f49e310,1,1,0
b8f49e310,2,1,0
b8f49e310,3,2,0
b8f49e310,4,0,0
b8f49e310,5,0,0
b8f49e310,6,0,0
b8f49e310,7,0,0
b8f49e310,8,0,0
bcb418906,1,1,0
bcb418906,2,3,34
bcb418906,3,3,0
bcb418906,4,4,0
bcb418906,5,1,0
bcb418906,6,3,0
bcb418906,7,0,0
bcb418906,8,0,0
c0fe8de08,1,1,0
c0fe8de08,2,0,0
c0fe8de08,3,0,0
c0fe8de08,4,0,0
c0fe8de08,5,0,0
c0fe8de08,6,0,0
c0fe8de08,7,0,0
c0fe8de08,8,0,0
c640d6860,1,1,0
c640d6860,2,0,0
c640d6860,3,0,0
c640d6860,4,0,0
c640d6860,5,0,0
c640d6860,6,0,0
c640d6860,7,0,0
c640d6860,8,0,0
cce198a54,1,1,0
cce198a54,2,1,0
cce198a54,3,0,0
cce198a54,4,0,0
cce198a54,5,0,0
cce198a54,6,0,0
cce198a54,7,0,0
cce198a54,8,0,0
d55c77050,1,4,0
d55c77050,2,4,15
d55c77050,3,6,0
d55c77050,4,3,0
d55c77050,5,2,0
d55c77050,6,1,0
d55c77050,7,0,0
d55c77050,8,0,0
db920f9e6,1,7,37
db920f9e6,2,6,22
db920f9e6,3,1,0
db920f9e6,4,0,0
db920f9e6,5,0,0
db920f9e6,6,0,0
db920f9e6,7,0,0
db920f9e6,8,0,0
de4e8e3b2,1,0,0
de4e8e3b2,2,0,0
de4e8e3b2,3,0,0
de4e8e3b2,4,0,0
de4e8e3b2,5,0,0
de4e8e3b2,6,0,0
de4e8e3b2,7,0,0
de4e8e3b2,8,0,0
e42658209,1,2,0
e42658209,2,0,0
e42658209,3,0,0
e42658209,4,0,0
e42658209,5,0,0
e42658209,6,0,0
e42658209,7,0,0
e42658209,8,0,0
f0519a435,1,1,0
f0519a435,2,1,0
f0519a435,3,0,0
f0519a435,4,0,0
f0519a435,5,0,0
f0519a435,6,0,0
f0519a435,7,0,0
f0519a435,8,0,0
f14aac30c,1,3,0
f14aac30c,2,1,0
f14aac30c,3,0,0
f14aac30c,4,0,0
f14aac30c,5,0,0
f14aac30c,6,0,0
f14aac30c,7,0,0
f14aac30c,8,0,0
f84bc5730,1,0,0
f84bc5730,2,1,0
f84bc5730,3,0,0
f84bc5730,4,0,0
f84bc5730,5,0,0
f84bc5730,6,0,0
f84bc5730,7,0,0
f84bc5730,8,0,0
06c894610,1,5,0
06c894610,2,6,5
06c894610,3,2,0
06c894610,4,2,0
06c894610,5,0,0
06c894610,6,0,0
06c894610,7,0,0
06c894610,8,0,0
0deaecac0,1,1,0
0deaecac0,2,0,0
0deaecac0,3,0,0
0deaecac0,4,0,0
0deaecac0,5,0,0
0deaecac0,6,0,0
0deaecac0,7,0,0
0deaecac0,8,0,0
0df2a3e83,1,0,0
0df2a3e83,2,0,0
0df2a3e83,3,0,0
0df2a3e83,4,0,0
0df2a3e83,5,0,0
0df2a3e83,6,0,0
0df2a3e83,7,0,0
0df2a3e83,8,0,0
1432cf5bc,1,0,0
1432cf5bc,2,0,0
1432cf5bc,3,0,0
1432cf5bc,4,2,0
1432cf5bc,5,0,0
1432cf5bc,6,0,0
1432cf5bc,7,0,0
1432cf5bc,8,0,0
14b635cf6,1,1,0
14b635cf6,2,0,0
14b635cf6,3,0,0
14b635cf6,4,0,0
14b635cf6,5,0,0
14b635cf6,6,0,0
14b635cf6,7,0,0
14b635cf6,8,0,0
1a2b3c4d5,1,0,0
1a2b3c4d5,2,0,0
1a2b3c4d5,3,0,0
1a2b3c4d5,4,0,0
1a2b3c4d5,5,2,0
1a2b3c4d5,6,1,0
1a2b3c4d5,7,0,0
1a2b3c4d5,8,1,2
1b15cc98b,1,5,3
1b15cc98b,2,3,8
1b15cc98b,3,5,0
1b15cc98b,4,2,0
1b15cc98b,5,4,15
1b15cc98b,6,1,4
1b15cc98b,7,0,0
1b15cc98b,8,0,0
1b1f8c580,1,2,0
1b1f8c580,2,0,0
1b1f8c580,3,0,0
1b1f8c580,4,0,0
1b1f8c580,5,0,0
1b1f8c580,6,0,0
1b1f8c580,7,0,0
1b1f8c580,8,0,0
24040b457,1,1,0
24040b457,2,0,0
24040b457,3,0,0
24040b457,4,0,0
24040b457,5,0,0
24040b457,6,0,0
24040b457,7,0,0
24040b457,8,0,0
241b13d90,1,1,0
241b13d90,2,0,0
241b13d90,3,0,0
241b13d90,4,0,0
241b13d90,5,0,0
241b13d90,6,0,0
241b13d90,7,0,0
241b13d90,8,0,0
25ae63868,1,0,0
25ae63868,2,0,0
25ae63868,3,0,0
25ae63868,4,0,0
25ae63868,5,0,0
25ae63868,6,0,0
25ae63868,7,0,0
25ae63868,8,0,0
28b8f3b28,1,0,0
28b8f3b28,2,0,0
28b8f3b28,3,0,0
28b8f3b28,4,0,0
28b8f3b28,5,0,0
28b8f3b28,6,0,0
28b8f3b28,7,0,0
28b8f3b28,8,0,0
290f68400,1,2,6
290f68400,2,2,0
290f68400,3,0,0
290f68400,4,0,0
290f68400,5,0,0
290f68400,6,2,0
290f68400,7,0,0
290f68400,8,0,0
29b5f76de,1,0,0
29b5f76de,2,0,0
29b5f76de,3,0,0
29b5f76de,4,0,0
29b5f76de,5,0,0
29b5f76de,6,0,0
29b5f76de,7,0,0
29b5f76de,8,0,0
2e650f182,1,4,0
2e650f182,2,2,0
2e650f182,3,3,0
2e650f182,4,5,11
2e650f182,5,6,0
2e650f182,6,4,10
2e650f182,7,0,0
2e650f182,8,2,0
3129c5df4,1,3,0
3129c5df4,2,1,0
3129c5df4,3,1,0
3129c5df4,4,0,0
3129c5df4,5,0,0
3129c5df4,6,0,0
3129c5df4,7,0,0
3129c5df4,8,0,0
43a1176a0,1,4,14
43a1176a0,2,1,1
43a1176a0,3,4,18
43a1176a0,4,6,65
43a1176a0,5,4,0
43a1176a0,6,4,0
43a1176a0,7,0,0
43a1176a0,8,2,30
447d58a4a,1,1,0
447d58a4a,2,0,0
447d58a4a,3,0,0
447d58a4a,4,0,0
447d58a4a,5,0,0
447d58a4a,6,0,0
447d58a4a,7,0,0
447d58a4a,8,0,0
49a024d24,1,1,0
49a024d24,2,0,0
49a024d24,3,0,0
49a024d24,4,0,0
49a024d24,5,0,0
49a024d24,6,0,0
49a024d24,7,0,0
49a024d24,8,0,0
4d25d3ae6,1,0,0
4d25d3ae6,2,1,0
4d25d3ae6,3,0,0
4d25d3ae6,4,0,0
4d25d3ae6,5,0,0
4d25d3ae6,6,0,0
4d25d3ae6,7,0,0
4d25d3ae6,8,0,0
4f216a88f,1,0,0
4f216a88f,2,0,0
4f216a88f,3,0,0
4f216a88f,4,0,0
4f216a88f,5,0,0
4f216a88f,6,0,0
4f216a88f,7,0,0
4f216a88f,8,0,0
52b352f01,1,1,0
52b352f01,2,0,0
52b352f01,3,0,0
52b352f01,4,0,0
52b352f01,5,0,0
52b352f01,6,0,0
52b352f01,7,0,0
52b352f01,8,0,0
530dc442d,1,3,27
530dc442d,2,6,128
530dc442d,3,6,102
530dc442d,4,7,303
530dc442d,5,6,20
530dc442d,6,7,61
530dc442d,7,0,0
530dc442d,8,1,124
576c02e4a,1,0,0
576c02e4a,2,0,0
576c02e4a,3,1,0
576c02e4a,4,0,0
576c02e4a,5,0,0
576c02e4a,6,0,0
576c02e4a,7,0,0
576c02e4a,8,0,0
58313777a,1,3,0
58313777a,2,2,0
58313777a,3,3,0
58313777a,4,1,0
58313777a,5,0,0
58313777a,6,1,0
58313777a,7,0,0
58313777a,8,0,0
5a8d65597,1,0,0
5a8d65597,2,0,0
5a8d65597,3,4,0
5a8d65597,4,6,186
5a8d65597,5,2,0
5a8d65597,6,1,0
5a8d65597,7,0,0
5a8d65597,8,0,0
5d57ea410,1,1,0
5d57ea410,2,0,0
5d57ea410,3,0,0
5d57ea410,4,0,0
5d57ea410,5,0,0
5d57ea410,6,0,0
5d57ea410,7,0,0
5d57ea410,8,0,0
5e0b5e21d,1,0,0
5e0b5e21d,2,0,0
5e0b5e21d,3,1,0
5e0b5e21d,4,0,0
5e0b5e21d,5,0,0
5e0b5e21d,6,0,0
5e0b5e21d,7,0,0
5e0b5e21d,8,0,0
61bdbe9c0,1,3,19
61bdbe9c0,2,5,142
61bdbe9c0,3,6,47
61bdbe9c0,4,6,14
61bdbe9c0,5,5,9
61bdbe9c0,6,1,0
61bdbe9c0,7,0,0
61bdbe9c0,8,0,0
66684cd34,1,2,0
66684cd34,2,0,0
66684cd34,3,0,0
66684cd34,4,1,0
66684cd34,5,0,0
66684cd34,6,0,0
66684cd34,7,0,0
66684cd34,8,0,0
669b7b0fe,1,1,0
669b7b0fe,2,0,0
669b7b0fe,3,0,0
669b7b0fe,4,0,0
669b7b0fe,5,0,0
669b7b0fe,6,0,0
669b7b0fe,7,0,0
669b7b0fe,8,0,0
67bc7a71c,1,3,0
67bc7a71c,2,0,0
67bc7a71c,3,0,0
67bc7a71c,4,0,0
67bc7a71c,5,0,0
67bc7a71c,6,0,0
67bc7a71c,7,0,0
67bc7a71c,8,0,0
681e10d18,1,2,0
681e10d18,2,0,0
681e10d18,3,0,0
681e10d18,4,0,0
681e10d18,5,0,0
681e10d18,6,0,0
681e10d18,7,0,0
681e10d18,8,0,0
6e1ffbb96,1,4,0
6e1ffbb96,2,3,0
6e1ffbb96,3,4,16
6e1ffbb96,4,4,0
6e1ffbb96,5,4,3
6e1ffbb96,6,2,0
6e1ffbb96,7,0,0
6e1ffbb96,8,0,0
711e5927b,1,4,0
711e5927b,2,0,0
711e5927b,3,0,0
711e5927b,4,0,0
711e5927b,5,0,0
711e5927b,6,0,0
711e5927b,7,0,0
711e5927b,8,0,0
739284e3d,1,0,0
739284e3d,2,0,0
739284e3d,3,0,0
739284e3d,4,0,0
739284e3d,5,0,0
739284e3d,6,0,0
739284e3d,7,0,0
739284e3d,8,0,0
765a66baf,1,3,0
765a66baf,2,2,0
765a66baf,3,0,0
765a66baf,4,0,0
765a66baf,5,0,0
765a66baf,6,0,0
765a66baf,7,0,0
765a66baf,8,0,0
81b4aeaae,1,7,118
81b4aeaae,2,5,123
81b4aeaae,3,7,35
81b4aeaae,4,7,97
81b4aeaae,5,3,0
81b4aeaae,6,5,76
81b4aeaae,7,0,0
81b4aeaae,8,1,46
843617da0,1,3,0
843617da0,2,0,0
843617da0,3,1,0
843617da0,4,0,0
843617da0,5,0,0
843617da0,6,0,0
843617da0,7,0,0
843617da0,8,0,0
843c87f46,1,1,0
843c87f46,2,0,0
843c87f46,3,0,0
843c87f46,4,0,0
843c87f46,5,0,0
843c87f46,6,0,0
843c87f46,7,0,0
843c87f46,8,0,0
84a2beac0,1,1,0
84a2beac0,2,0,0
84a2beac0,3,0,0
84a2beac0,4,0,0
84a2beac0,5,0,0
84a2beac0,6,0,0
84a2beac0,7,0,0
84a2beac0,8,0,0
8972a5d80,1,2,0
8972a5d80,2,2,0
8972a5d80,3,0,0
8972a5d80,4,1,0
8972a5d80,5,1,0
8972a5d80,6,1,0
8972a5d80,7,0,0
8972a5d80,8,0,0
8bd77ca12,1,3,0
8bd77ca12,2,3,4
8bd77ca12,3,4,0
8bd77ca12,4,4,112
8bd77ca12,5,5,13
8bd77ca12,6,7,202
8bd77ca12,7,0,0
8bd77ca12,8,2,72
8c160a3e0,1,0,0
8c160a3e0,2,2,0
8c160a3e0,3,0,0
8c160a3e0,4,0,0
8c160a3e0,5,0,0
8c160a3e0,6,0,0
8c160a3e0,7,0,0
8c160a3e0,8,0,0
99a674c70,1,2,8
99a674c70,2,3,15
99a674c70,3,4,41
99a674c70,4,4,59
99a674c70,5,4,0
99a674c70,6,6,50
99a674c70,7,0,0
99a674c70,8,2,34
9fea395f4,1,2,0
9fea395f4,2,1,0
9fea395f4,3,2,0
9fea395f4,4,0,0
9fea395f4,5,1,0
9fea395f4,6,0,0
9fea395f4,7,0,0
9fea395f4,8,0,0
a29396f60,1,3,0
a29396f60,2,0,0
a29396f60,3,0,0
a29396f60,4,0,0
a29396f60,5,0,0
a29396f60,6,0,0
a29396f60,7,0,0
a29396f60,8,0,0
a9a0c14da,1,0,0
a9a0c14da,2,0,0
a9a0c14da,3,0,0
a9a0c14da,4,0,0
a9a0c14da,5,0,0
a9a0c14da,6,0,0
a9a0c14da,7,0,0
a9a0c14da,8,0,0
abcde6789,1,2,0
abcde6789,2,3,0
abcde6789,3,3,0
abcde6789,4,2,0
abcde6789,5,1,0
abcde6789,6,1,0
abcde6789,7,0,0
abcde6789,8,0,0
b562b0600,1,1,0
b562b0600,2,0,0
b562b0600,3,0,0
b562b0600,4,0,0
b562b0600,5,0,0
b562b0600,6,0,0
b562b0600,7,0,0
b562b0600,8,0,0
b6f6f90f4,1,1,0
b6f6f90f4,2,0,0
b6f6f90f4,3,0,0
b6f6f90f4,4,0,0
b6f6f90f4,5,0,0
b6f6f90f4,6,0,0
b6f6f90f4,7,0,0
b6f6f90f4,8,0,0
b8f49e310,1,1,0
b8f49e310,2,1,0
b8f49e310,3,2,0
b8f49e310,4,0,0
b8f49e310,5,0,0
b8f49e310,6,0,0
b8f49e310,7,0,0
b8f49e310,8,0,0
bcb418906,1,1,0
bcb418906,2,3,34
bcb418906,3,3,0
bcb418906,4,4,0
bcb418906,5,1,0
bcb418906,6,3,0
bcb418906,7,0,0
bcb418906,8,0,0
c0fe8de08,1,1,0
c0fe8de08,2,0,0
c0fe8de08,3,0,0
c0fe8de08,4,0,0
c0fe8de08,5,0,0
c0fe8de08,6,0,0
c0fe8de08,7,0,0
c0fe8de08,8,0,0
c640d6860,1,1,0
c640d6860,2,0,0
c640d6860,3,0,0
c640d6860,4,0,0
c640d6860,5,0,0
c640d6860,6,0,0
c640d6860,7,0,0
c640d6860,8,0,0
cce198a54,1,1,0
cce198a54,2,1,0
cce198a54,3,0,0
cce198a54,4,0,0
cce198a54,5,0,0
cce198a54,6,0,0
cce198a54,7,0,0
cce198a54,8,0,0
d55c77050,1,4,0
d55c77050,2,4,15
d55c77050,3,6,0
d55c77050,4,3,0
d55c77050,5,2,0
d55c77050,6,1,0
d55c77050,7,0,0
d55c77050,8,0,0
db920f9e6,1,7,37
db920f9e6,2,6,22
db920f9e6,3,1,0
db920f9e6,4,0,0
db920f9e6,5,0,0
db920f9e6,6,0,0
db920f9e6,7,0,0
db920f9e6,8,0,0
de4e8e3b2,1,0,0
de4e8e3b2,2,0,0
de4e8e3b2,3,0,0
de4e8e3b2,4,0,0
de4e8e3b2,5,0,0
de4e8e3b2,6,0,0
de4e8e3b2,7,0,0
de4e8e3b2,8,0,0
e42658209,1,2,0
e42658209,2,0,0
e42658209,3,0,0
e42658209,4,0,0
e42658209,5,0,0
e42658209,6,0,0
e42658209,7,0,0
e42658209,8,0,0
f0519a435,1,1,0
f0519a435,2,1,0
f0519a435,3,0,0
f0519a435,4,0,0
f0519a435,5,0,0
f0519a435,6,0,0
f0519a435,7,0,0
f0519a435,8,0,0
f14aac30c,1,3,0
f14aac30c,2,1,0
f14aac30c,3,0,0
f14aac30c,4,0,0
f14aac30c,5,0,0
f14aac30c,6,0,0
f14aac30c,7,0,0
f14aac30c,8,0,0
f84bc5730,1,0,0
f84bc5730,2,1,0
f84bc5730,3,0,0
f84bc5730,4,0,0
f84bc5730,5,0,0
f84bc5730,6,0,0
f84bc5730,7,0,0
f84bc5730,8,0,0
06c894610,1,5,0
06c894610,2,6,5
06c894610,3,2,0
06c894610,4,2,0
06c894610,5,0,0
06c894610,6,0,0
06c894610,7,0,0
06c894610,8,0,0
0deaecac0,1,1,0
0deaecac0,2,0,0
0deaecac0,3,0,0
0deaecac0,4,0,0
0deaecac0,5,0,0
0deaecac0,6,0,0
0deaecac0,7,0,0
0deaecac0,8,0,0
0df2a3e83,1,0,0
0df2a3e83,2,0,0
0df2a3e83,3,0,0
0df2a3e83,4,0,0
0df2a3e83,5,0,0
0df2a3e83,6,0,0
0df2a3e83,7,0,0
0df2a3e83,8,0,0
1432cf5bc,1,0,0
1432cf5bc,2,0,0
1432cf5bc,3,0,0
1432cf5bc,4,2,0
1432cf5bc,5,0,0
1432cf5bc,6,0,0
1432cf5bc,7,0,0
1432cf5bc,8,0,0
14b635cf6,1,1,0
14b635cf6,2,0,0
14b635cf6,3,0,0
14b635cf6,4,0,0
14b635cf6,5,0,0
14b635cf6,6,0,0
14b635cf6,7,0,0
14b635cf6,8,0,0
1a2b3c4d5,1,0,0
1a2b3c4d5,2,0,0
1a2b3c4d5,3,0,0
1a2b3c4d5,4,0,0
1a2b3c4d5,5,2,0
1a2b3c4d5,6,1,0
1a2b3c4d5,7,0,0
1a2b3c4d5,8,2,2
1b15cc98b,1,5,3
1b15cc98b,2,3,8
1b15cc98b,3,5,0
1b15cc98b,4,2,0
1b15cc98b,5,4,15
1b15cc98b,6,1,4
1b15cc98b,7,0,0
1b15cc98b,8,0,0
1b1f8c580,1,2,0
1b1f8c580,2,0,0
1b1f8c580,3,0,0
1b1f8c580,4,0,0
1b1f8c580,5,0,0
1b1f8c580,6,0,0
1b1f8c580,7,0,0
1b1f8c580,8,0,0
24040b457,1,1,0
24040b457,2,0,0
24040b457,3,0,0
24040b457,4,0,0
24040b457,5,0,0
24040b457,6,0,0
24040b457,7,0,0
24040b457,8,0,0
241b13d90,1,1,0
241b13d90,2,0,0
241b13d90,3,0,0
241b13d90,4,0,0
241b13d90,5,0,0
241b13d90,6,0,0
241b13d90,7,0,0
241b13d90,8,0,0
25ae63868,1,0,0
25ae63868,2,0,0
25ae63868,3,0,0
25ae63868,4,0,0
25ae63868,5,0,0
25ae63868,6,0,0
25ae63868,7,0,0
25ae63868,8,0,0
28b8f3b28,1,0,0
28b8f3b28,2,0,0
28b8f3b28,3,0,0
28b8f3b28,4,0,0
28b8f3b28,5,0,0
28b8f3b28,6,0,0
28b8f3b28,7,0,0
28b8f3b28,8,0,0
290f68400,1,2,6
290f68400,2,2,0
290f68400,3,0,0
290f68400,4,0,0
290f68400,5,0,0
290f68400,6,2,0
290f68400,7,0,0
290f68400,8,0,0
29b5f76de,1,0,0
29b5f76de,2,0,0
29b5f76de,3,0,0
29b5f76de,4,0,0
29b5f76de,5,0,0
29b5f76de,6,0,0
29b5f76de,7,0,0
29b5f76de,8,0,0
2e650f182,1,4,0
2e650f182,2,2,0
2e650f182,3,3,0
2e650f182,4,5,11
2e650f182,5,6,0
2e650f182,6,4,10
2e650f182,7,0,0
2e650f182,8,2,0
3129c5df4,1,3,0
3129c5df4,2,1,0
3129c5df4,3,1,0
3129c5df4,4,0,0
3129c5df4,5,0,0
3129c5df4,6,0,0
3129c5df4,7,0,0
3129c5df4,8,0,0
43a1176a0,1,4,14
43a1176a0,2,1,1
43a1176a0,3,4,18
43a1176a0,4,6,65
43a1176a0,5,4,0
43a1176a0,6,4,0
43a1176a0,7,0,0
43a1176a0,8,3,30
447d58a4a,1,1,0
447d58a4a,2,0,0
447d58a4a,3,0,0
447d58a4a,4,0,0
447d58a4a,5,0,0
447d58a4a,6,0,0
447d58a4a,7,0,0
447d58a4a,8,0,0
49a024d24,1,1,0
49a024d24,2,0,0
49a024d24,3,0,0
49a024d24,4,0,0
49a024d24,5,0,0
49a024d24,6,0,0
49a024d24,7,0,0
49a024d24,8,0,0
4d25d3ae6,1,0,0
4d25d3ae6,2,1,0
4d25d3ae6,3,0,0
4d25d3ae6,4,0,0
4d25d3ae6,5,0,0
4d25d3ae6,6,0,0
4d25d3ae6,7,0,0
4d25d3ae6,8,0,0
4f216a88f,1,0,0
4f216a88f,2,0,0
4f216a88f,3,0,0
4f216a88f,4,0,0
4f216a88f,5,0,0
4f216a88f,6,0,0
4f216a88f,7,0,0
4f216a88f,8,0,0
52b352f01,1,1,0
52b352f01,2,0,0
52b352f01,3,0,0
52b352f01,4,0,0
52b352f01,5,0,0
52b352f01,6,0,0
52b352f01,7,0,0
52b352f01,8,0,0
530dc442d,1,3,27
530dc442d,2,6,128
530dc442d,3,6,102
530dc442d,4,7,303
530dc442d,5,6,20
530dc442d,6,7,61
530dc442d,7,0,0
530dc442d,8,2,125
576c02e4a,1,0,0
576c02e4a,2,0,0
576c02e4a,3,1,0
576c02e4a,4,0,0
576c02e4a,5,0,0
576c02e4a,6,0,0
576c02e4a,7,0,0
576c02e4a,8,0,0
58313777a,1,3,0
58313777a,2,2,0
58313777a,3,3,0
58313777a,4,1,0
58313777a,5,0,0
58313777a,6,1,0
58313777a,7,0,0
58313777a,8,0,0
5a8d65597,1,0,0
5a8d65597,2,0,0
5a8d65597,3,4,0
5a8d65597,4,6,186
5a8d65597,5,2,0
5a8d65597,6,1,0
5a8d65597,7,0,0
5a8d65597,8,0,0
5d57ea410,1,1,0
5d57ea410,2,0,0
5d57ea410,3,0,0
5d57ea410,4,0,0
5d57ea410,5,0,0
5d57ea410,6,0,0
5d57ea410,7,0,0
5d57ea410,8,0,0
5e0b5e21d,1,0,0
5e0b5e21d,2,0,0
5e0b5e21d,3,1,0
5e0b5e21d,4,0,0
5e0b5e21d,5,0,0
5e0b5e21d,6,0,0
5e0b5e21d,7,0,0
5e0b5e21d,8,0,0
61bdbe9c0,1,3,19
61bdbe9c0,2,5,142
61bdbe9c0,3,6,47
61bdbe9c0,4,6,14
61bdbe9c0,5,5,9
61bdbe9c0,6,1,0
61bdbe9c0,7,0,0
61bdbe9c0,8,0,0
66684cd34,1,2,0
66684cd34,2,0,0
66684cd34,3,0,0
66684cd34,4,1,0
66684cd34,5,0,0
66684cd34,6,0,0
66684cd34,7,0,0
66684cd34,8,0,0
669b7b0fe,1,1,0
669b7b0fe,2,0,0
669b7b0fe,3,0,0
669b7b0fe,4,0,0
669b7b0fe,5,0,0
669b7b0fe,6,0,0
669b7b0fe,7,0,0
669b7b0fe,8,0,0
67bc7a71c,1,3,0
67bc7a71c,2,0,0
67bc7a71c,3,0,0
67bc7a71c,4,0,0
67bc7a71c,5,0,0
67bc7a71c,6,0,0
67bc7a71c,7,0,0
67bc7a71c,8,0,0
681e10d18,1,2,0
681e10d18,2,0,0
681e10d18,3,0,0
681e10d18,4,0,0
681e10d18,5,0,0
681e10d18,6,0,0
681e10d18,7,0,0
681e10d18,8,0,0
6e1ffbb96,1,4,0
6e1ffbb96,2,3,0
6e1ffbb96,3,4,16
6e1ffbb96,4,4,0
6e1ffbb96,5,4,3
6e1ffbb96,6,2,0
6e1ffbb96,7,0,0
6e1ffbb96,8,1,0
711e5927b,1,4,0
711e5927b,2,0,0
711e5927b,3,0,0
711e5927b,4,0,0
711e5927b,5,0,0
711e5927b,6,0,0
711e5927b,7,0,0
711e5927b,8,0,0
739284e3d,1,0,0
739284e3d,2,0,0
739284e3d,3,0,0
739284e3d,4,0,0
739284e3d,5,0,0
739284e3d,6,0,0
739284e3d,7,0,0
739284e3d,8,0,0
765a66baf,1,3,0
765a66baf,2,2,0
765a66baf,3,0,0
765a66baf,4,0,0
765a66baf,5,0,0
765a66baf,6,0,0
765a66baf,7,0,0
765a66baf,8,0,0
81b4aeaae,1,7,118
81b4aeaae,2,5,123
81b4aeaae,3,7,35
81b4aeaae,4,7,97
81b4aeaae,5,3,0
81b4aeaae,6,5,76
81b4aeaae,7,0,0
81b4aeaae,8,2,46
843617da0,1,3,0
843617da0,2,0,0
843617da0,3,1,0
843617da0,4,0,0
843617da0,5,0,0
843617da0,6,0,0
843617da0,7,0,0
843617da0,8,0,0
843c87f46,1,1,0
843c87f46,2,0,0
843c87f46,3,0,0
843c87f46,4,0,0
843c87f46,5,0,0
843c87f46,6,0,0
843c87f46,7,0,0
843c87f46,8,0,0
84a2beac0,1,1,0
84a2beac0,2,0,0
84a2beac0,3,0,0
84a2beac0,4,0,0
84a2beac0,5,0,0
84a2beac0,6,0,0
84a2beac0,7,0,0
84a2beac0,8,0,0
8972a5d80,1,2,0
8972a5d80,2,2,0
8972a5d80,3,0,0
8972a5d80,4,1,0
8972a5d80,5,1,0
8972a5d80,6,1,0
8972a5d80,7,0,0
8972a5d80,8,0,0
8bd77ca12,1,3,0
8bd77ca12,2,3,4
8bd77ca12,3,4,0
8bd77ca12,4,4,112
8bd77ca12,5,5,13
8bd77ca12,6,7,202
8bd77ca12,7,0,0
8bd77ca12,8,3,93
8c160a3e0,1,0,0
8c160a3e0,2,2,0
8c160a3e0,3,0,0
8c160a3e0,4,0,0
8c160a3e0,5,0,0
8c160a3e0,6,0,0
8c160a3e0,7,0,0
8c160a3e0,8,0,0
99a674c70,1,2,8
99a674c70,2,3,15
99a674c70,3,4,41
99a674c70,4,4,59
99a674c70,5,4,0
99a674c70,6,6,50
99a674c70,7,0,0
99a674c70,8,2,44
9fea395f4,1,2,0
9fea395f4,2,1,0
9fea395f4,3,2,0
9fea395f4,4,0,0
9fea395f4,5,1,0
9fea395f4,6,0,0
9fea395f4,7,0,0
9fea395f4,8,1,0
a29396f60,1,3,0
a29396f60,2,0,0
a29396f60,3,0,0
a29396f60,4,0,0
a29396f60,5,0,0
a29396f60,6,0,0
a29396f60,7,0,0
a29396f60,8,0,0
a9a0c14da,1,0,0
a9a0c14da,2,0,0
a9a0c14da,3,0,0
a9a0c14da,4,0,0
a9a0c14da,5,0,0
a9a0c14da,6,0,0
a9a0c14da,7,0,0
a9a0c14da,8,0,0
abcde6789,1,2,0
abcde6789,2,3,0
abcde6789,3,3,0
abcde6789,4,2,0
abcde6789,5,1,0
abcde6789,6,1,0
abcde6789,7,0,0
abcde6789,8,0,0
b562b0600,1,1,0
b562b0600,2,0,0
b562b0600,3,0,0
b562b0600,4,0,0
b562b0600,5,0,0
b562b0600,6,0,0
b562b0600,7,0,0
b562b0600,8,0,0
b6f6f90f4,1,1,0
b6f6f90f4,2,0,0
b6f6f90f4,3,0,0
b6f6f90f4,4,0,0
b6f6f90f4,5,0,0
b6f6f90f4,6,0,0
b6f6f90f4,7,0,0
b6f6f90f4,8,0,0
b8f49e310,1,1,0
b8f49e310,2,1,0
b8f49e310,3,2,0
b8f49e310,4,0,0
b8f49e310,5,0,0
b8f49e310,6,0,0
b8f49e310,7,0,0
b8f49e310,8,0,0
bcb418906,1,1,0
bcb418906,2,3,34
bcb418906,3,3,0
bcb418906,4,4,0
bcb418906,5,1,0
bcb418906,6,3,0
bcb418906,7,0,0
bcb418906,8,0,0
c0fe8de08,1,1,0
c0fe8de08,2,0,0
c0fe8de08,3,0,0
c0fe8de08,4,0,0
c0fe8de08,5,0,0
c0fe8de08,6,0,0
c0fe8de08,7,0,0
c0fe8de08,8,0,0
c640d6860,1,1,0
c640d6860,2,0,0
c640d6860,3,0,0
c640d6860,4,0,0
c640d6860,5,0,0
c640d6860,6,0,0
c640d6860,7,0,0
c640d6860,8,0,0
cce198a54,1,1,0
cce198a54,2,1,0
cce198a54,3,0,0
cce198a54,4,0,0
cce198a54,5,0,0
cce198a54,6,0,0
cce198a54,7,0,0
cce198a54,8,0,0
d55c77050,1,4,0
d55c77050,2,4,15
d55c77050,3,6,0
d55c77050,4,3,0
d55c77050,5,2,0
d55c77050,6,1,0
d55c77050,7,0,0
d55c77050,8,0,0
db920f9e6,1,7,37
db920f9e6,2,6,22
db920f9e6,3,1,0
db920f9e6,4,0,0
db920f9e6,5,0,0
db920f9e6,6,0,0
db920f9e6,7,0,0
db920f9e6,8,0,0
de4e8e3b2,1,0,0
de4e8e3b2,2,0,0
de4e8e3b2,3,0,0
de4e8e3b2,4,0,0
de4e8e3b2,5,0,0
de4e8e3b2,6,0,0
de4e8e3b2,7,0,0
de4e8e3b2,8,0,0
e42658209,1,2,0
e42658209,2,0,0
e42658209,3,0,0
e42658209,4,0,0
e42658209,5,0,0
e42658209,6,0,0
e42658209,7,0,0
e42658209,8,0,0
f0519a435,1,1,0
f0519a435,2,1,0
f0519a435,3,0,0
f0519a435,4,0,0
f0519a435,5,0,0
f0519a435,6,0,0
f0519a435,7,0,0
f0519a435,8,0,0
f14aac30c,1,3,0
f14aac30c,2,1,0
f14aac30c,3,0,0
f14aac30c,4,0,0
f14aac30c,5,0,0
f14aac30c,6,0,0
f14aac30c,7,0,0
f14aac30c,8,0,0
f84bc5730,1,0,0
f84bc5730,2,1,0
f84bc5730,3,0,0
f84bc5730,4,0,0
f84bc5730,5,0,0
f84bc5730,6,0,0
f84bc5730,7,0,0
f84bc5730,8,0,0
06c894610,1,5,0
06c894610,2,6,5
06c894610,3,2,0
06c894610,4,2,0
06c894610,5,0,0
06c894610,6,0,0
06c894610,7,0,0
06c894610,8,0,0
0deaecac0,1,1,0
0deaecac0,2,0,0
0deaecac0,3,0,0
0deaecac0,4,0,0
0deaecac0,5,0,0
0deaecac0,6,0,0
0deaecac0,7,0,0
0deaecac0,8,0,0
0df2a3e83,1,0,0
0df2a3e83,2,0,0
0df2a3e83,3,0,0
0df2a3e83,4,0,0
0df2a3e83,5,0,0
0df2a3e83,6,0,0
0df2a3e83,7,0,0
0df2a3e83,8,0,0
1432cf5bc,1,0,0
1432cf5bc,2,0,0
1432cf5bc,3,0,0
1432cf5bc,4,2,0
1432cf5bc,5,0,0
1432cf5bc,6,0,0
1432cf5bc,7,0,0
1432cf5bc,8,0,0
14b635cf6,1,1,0
14b635cf6,2,0,0
14b635cf6,3,0,0
14b635cf6,4,0,0
14b635cf6,5,0,0
14b635cf6,6,0,0
14b635cf6,7,0,0
14b635cf6,8,0,0
1a2b3c4d5,1,0,0
1a2b3c4d5,2,0,0
1a2b3c4d5,3,0,0
1a2b3c4d5,4,0,0
1a2b3c4d5,5,2,0
1a2b3c4d5,6,1,0
1a2b3c4d5,7,0,0
1a2b3c4d5,8,2,2
1b15cc98b,1,5,3
1b15cc98b,2,3,8
1b15cc98b,3,5,0
1b15cc98b,4,2,0
1b15cc98b,5,4,15
1b15cc98b,6,1,4
1b15cc98b,7,0,0
1b15cc98b,8,0,0
1b1f8c580,1,2,0
1b1f8c580,2,0,0
1b1f8c580,3,0,0
1b1f8c580,4,0,0
1b1f8c580,5,0,0
1b1f8c580,6,0,0
1b1f8c580,7,0,0
1b1f8c580,8,0,0
24040b457,1,1,0
24040b457,2,0,0
24040b457,3,0,0
24040b457,4,0,0
24040b457,5,0,0
24040b457,6,0,0
24040b457,7,0,0
24040b457,8,0,0
241b13d90,1,1,0
241b13d90,2,0,0
241b13d90,3,0,0
241b13d90,4,0,0
241b13d90,5,0,0
241b13d90,6,0,0
241b13d90,7,0,0
241b13d90,8,0,0
25ae63868,1,0,0
25ae63868,2,0,0
25ae63868,3,0,0
25ae63868,4,0,0
25ae63868,5,0,0
25ae63868,6,0,0
25ae63868,7,0,0
25ae63868,8,0,0
28b8f3b28,1,0,0
28b8f3b28,2,0,0
28b8f3b28,3,0,0
28b8f3b28,4,0,0
28b8f3b28,5,0,0
28b8f3b28,6,0,0
28b8f3b28,7,0,0
28b8f3b28,8,0,0
290f68400,1,2,6
290f68400,2,2,0
290f68400,3,0,0
290f68400,4,0,0
290f68400,5,0,0
290f68400,6,2,0
290f68400,7,0,0
290f68400,8,1,0
29b5f76de,1,0,0
29b5f76de,2,0,0
29b5f76de,3,0,0
29b5f76de,4,0,0
29b5f76de,5,0,0
29b5f76de,6,0,0
29b5f76de,7,0,0
29b5f76de,8,0,0
2e650f182,1,4,0
2e650f182,2,2,0
2e650f182,3,3,0
2e650f182,4,5,11
2e650f182,5,6,0
2e650f182,6,4,10
2e650f182,7,0,0
2e650f182,8,2,0
3129c5df4,1,3,0
3129c5df4,2,1,0
3129c5df4,3,1,0
3129c5df4,4,0,0
3129c5df4,5,0,0
3129c5df4,6,0,0
3129c5df4,7,0,0
3129c5df4,8,0,0
43a1176a0,1,4,14
43a1176a0,2,1,1
43a1176a0,3,4,18
43a1176a0,4,6,65
43a1176a0,5,4,0
43a1176a0,6,4,0
43a1176a0,7,0,0
43a1176a0,8,4,30
447d58a4a,1,1,0
447d58a4a,2,0,0
447d58a4a,3,0,0
447d58a4a,4,0,0
447d58a4a,5,0,0
447d58a4a,6,0,0
447d58a4a,7,0,0
447d58a4a,8,0,0
49a024d24,1,1,0
49a024d24,2,0,0
49a024d24,3,0,0
49a024d24,4,0,0
49a024d24,5,0,0
49a024d24,6,0,0
49a024d24,7,0,0
49a024d24,8,0,0
4d25d3ae6,1,0,0
4d25d3ae6,2,1,0
4d25d3ae6,3,0,0
4d25d3ae6,4,0,0
4d25d3ae6,5,0,0
4d25d3ae6,6,0,0
4d25d3ae6,7,0,0
4d25d3ae6,8,0,0
4f216a88f,1,0,0
4f216a88f,2,0,0
4f216a88f,3,0,0
4f216a88f,4,0,0
4f216a88f,5,0,0
4f216a88f,6,0,0
4f216a88f,7,0,0
4f216a88f,8,0,0
52b352f01,1,1,0
52b352f01,2,0,0
52b352f01,3,0,0
52b352f01,4,0,0
52b352f01,5,0,0
52b352f01,6,0,0
52b352f01,7,0,0
52b352f01,8,0,0
530dc442d,1,3,27
530dc442d,2,6,128
530dc442d,3,6,102
530dc442d,4,7,303
530dc442d,5,6,20
530dc442d,6,7,61
530dc442d,7,0,0
530dc442d,8,3,148
576c02e4a,1,0,0
576c02e4a,2,0,0
576c02e4a,3,1,0
576c02e4a,4,0,0
576c02e4a,5,0,0
576c02e4a,6,0,0
576c02e4a,7,0,0
576c02e4a,8,0,0
58313777a,1,3,0
58313777a,2,2,0
58313777a,3,3,0
58313777a,4,1,0
58313777a,5,0,0
58313777a,6,1,0
58313777a,7,0,0
58313777a,8,0,0
5a8d65597,1,0,0
5a8d65597,2,0,0
5a8d65597,3,4,0
5a8d65597,4,6,186
5a8d65597,5,2,0
5a8d65597,6,1,0
5a8d65597,7,0,0
5a8d65597,8,0,0
5d57ea410,1,1,0
5d57ea410,2,0,0
5d57ea410,3,0,0
5d57ea410,4,0,0
5d57ea410,5,0,0
5d57ea410,6,0,0
5d57ea410,7,0,0
5d57ea410,8,0,0
5e0b5e21d,1,0,0
5e0b5e21d,2,0,0
5e0b5e21d,3,1,0
5e0b5e21d,4,0,0
5e0b5e21d,5,0,0
5e0b5e21d,6,0,0
5e0b5e21d,7,0,0
5e0b5e21d,8,0,0
61bdbe9c0,1,3,19
61bdbe9c0,2,5,142
61bdbe9c0,3,6,47
61bdbe9c0,4,6,14
61bdbe9c0,5,5,9
61bdbe9c0,6,1,0
61bdbe9c0,7,0,0
61bdbe9c0,8,0,0
66684cd34,1,2,0
66684cd34,2,0,0
66684cd34,3,0,0
66684cd34,4,1,0
66684cd34,5,0,0
66684cd34,6,0,0
66684cd34,7,0,0
66684cd34,8,0,0
669b7b0fe,1,1,0
669b7b0fe,2,0,0
669b7b0fe,3,0,0
669b7b0fe,4,0,0
669b7b0fe,5,0,0
669b7b0fe,6,0,0
669b7b0fe,7,0,0
669b7b0fe,8,0,0
67bc7a71c,1,3,0
67bc7a71c,2,0,0
67bc7a71c,3,0,0
67bc7a71c,4,0,0
67bc7a71c,5,0,0
67bc7a71c,6,0,0
67bc7a71c,7,0,0
67bc7a71c,8,0,0
681e10d18,1,2,0
681e10d18,2,0,0
681e10d18,3,0,0
681e10d18,4,0,0
681e10d18,5,0,0
681e10d18,6,0,0
681e10d18,7,0,0
681e10d18,8,0,0
6e1ffbb96,1,4,0
6e1ffbb96,2,3,0
6e1ffbb96,3,4,16
6e1ffbb96,4,4,0
6e1ffbb96,5,4,3
6e1ffbb96,6,2,0
6e1ffbb96,7,0,0
6e1ffbb96,8,2,0
711e5927b,1,4,0
711e5927b,2,0,0
711e5927b,3,0,0
711e5927b,4,0,0
711e5927b,5,0,0
711e5927b,6,0,0
711e5927b,7,0,0
711e5927b,8,0,0
739284e3d,1,0,0
739284e3d,2,0,0
739284e3d,3,0,0
739284e3d,4,0,0
739284e3d,5,0,0
739284e3d,6,0,0
739284e3d,7,0,0
739284e3d,8,0,0
765a66baf,1,3,0
765a66baf,2,2,0
765a66baf,3,0,0
765a66baf,4,0,0
765a66baf,5,0,0
765a66baf,6,0,0
765a66baf,7,0,0
765a66baf,8,0,0
81b4aeaae,1,7,118
81b4aeaae,2,5,123
81b4aeaae,3,7,35
81b4aeaae,4,7,97
81b4aeaae,5,3,0
81b4aeaae,6,5,76
81b4aeaae,7,0,0
81b4aeaae,8,3,46
843617da0,1,3,0
843617da0,2,0,0
843617da0,3,1,0
843617da0,4,0,0
843617da0,5,0,0
843617da0,6,0,0
843617da0,7,0,0
843617da0,8,0,0
843c87f46,1,1,0
843c87f46,2,0,0
843c87f46,3,0,0
843c87f46,4,0,0
843c87f46,5,0,0
843c87f46,6,0,0
843c87f46,7,0,0
843c87f46,8,0,0
84a2beac0,1,1,0
84a2beac0,2,0,0
84a2beac0,3,0,0
84a2beac0,4,0,0
84a2beac0,5,0,0
84a2beac0,6,0,0
84a2beac0,7,0,0
84a2beac0,8,0,0
8972a5d80,1,2,0
8972a5d80,2,2,0
8972a5d80,3,0,0
8972a5d80,4,1,0
8972a5d80,5,1,0
8972a5d80,6,1,0
8972a5d80,7,0,0
8972a5d80,8,0,0
8bd77ca12,1,3,0
8bd77ca12,2,3,4
8bd77ca12,3,4,0
8bd77ca12,4,4,112
8bd77ca12,5,5,13
8bd77ca12,6,7,202
8bd77ca12,7,0,0
8bd77ca12,8,3,93
8c160a3e0,1,0,0
8c160a3e0,2,2,0
8c160a3e0,3,0,0
8c160a3e0,4,0,0
8c160a3e0,5,0,0
8c160a3e0,6,0,0
8c160a3e0,7,0,0
8c160a3e0,8,0,0
99a674c70,1,2,8
99a674c70,2,3,15
99a674c70,3,4,41
99a674c70,4,4,59
99a674c70,5,4,0
99a674c70,6,6,50
99a674c70,7,0,0
99a674c70,8,2,44
9fea395f4,1,2,0
9fea395f4,2,1,0
9fea395f4,3,2,0
9fea395f4,4,0,0
9fea395f4,5,1,0
9fea395f4,6,0,0
9fea395f4,7,0,0
9fea395f4,8,1,0
a29396f60,1,3,0
a29396f60,2,0,0
a29396f60,3,0,0
a29396f60,4,0,0
a29396f60,5,0,0
a29396f60,6,0,0
a29396f60,7,0,0
a29396f60,8,0,0
a9a0c14da,1,0,0
a9a0c14da,2,0,0
a9a0c14da,3,0,0
a9a0c14da,4,0,0
a9a0c14da,5,0,0
a9a0c14da,6,0,0
a9a0c14da,7,0,0
a9a0c14da,8,0,0
abcde6789,1,2,0
abcde6789,2,3,0
abcde6789,3,3,0
abcde6789,4,2,0
abcde6789,5,1,0
abcde6789,6,1,0
abcde6789,7,0,0
abcde6789,8,0,0
b562b0600,1,1,0
b562b0600,2,0,0
b562b0600,3,0,0
b562b0600,4,0,0
b562b0600,5,0,0
b562b0600,6,0,0
b562b0600,7,0,0
b562b0600,8,0,0
b6f6f90f4,1,1,0
b6f6f90f4,2,0,0
b6f6f90f4,3,0,0
b6f6f90f4,4,0,0
b6f6f90f4,5,0,0
b6f6f90f4,6,0,0
b6f6f90f4,7,0,0
b6f6f90f4,8,0,0
b8f49e310,1,1,0
b8f49e310,2,1,0
b8f49e310,3,2,0
b8f49e310,4,0,0
b8f49e310,5,0,0
b8f49e310,6,0,0
b8f49e310,7,0,0
b8f49e310,8,0,0
bcb418906,1,1,0
bcb418906,2,3,34
bcb418906,3,3,0
bcb418906,4,4,0
bcb418906,5,1,0
bcb418906,6,3,0
bcb418906,7,0,0
bcb418906,8,0,0
c0fe8de08,1,1,0
c0fe8de08,2,0,0
c0fe8de08,3,0,0
c0fe8de08,4,0,0
c0fe8de08,5,0,0
c0fe8de08,6,0,0
c0fe8de08,7,0,0
c0fe8de08,8,0,0
c640d6860,1,1,0
c640d6860,2,0,0
c640d6860,3,0,0
c640d6860,4,0,0
c640d6860,5,0,0
c640d6860,6,0,0
c640d6860,7,0,0
c640d6860,8,0,0
cce198a54,1,1,0
cce198a54,2,1,0
cce198a54,3,0,0
cce198a54,4,0,0
cce198a54,5,0,0
cce198a54,6,0,0
cce198a54,7,0,0
cce198a54,8,0,0
d55c77050,1,4,0
d55c77050,2,4,15
d55c77050,3,6,0
d55c77050,4,3,0
d55c77050,5,2,0
d55c77050,6,1,0
d55c77050,7,0,0
d55c77050,8,1,0
db920f9e6,1,7,37
db920f9e6,2,6,22
db920f9e6,3,1,0
db920f9e6,4,0,0
db920f9e6,5,0,0
db920f9e6,6,0,0
db920f9e6,7,0,0
db920f9e6,8,0,0
de4e8e3b2,1,0,0
de4e8e3b2,2,0,0
de4e8e3b2,3,0,0
de4e8e3b2,4,0,0
de4e8e3b2,5,0,0
de4e8e3b2,6,0,0
de4e8e3b2,7,0,0
de4e8e3b2,8,0,0
e42658209,1,2,0
e42658209,2,0,0
e42658209,3,0,0
e42658209,4,0,0
e42658209,5,0,0
e42658209,6,0,0
e42658209,7,0,0
e42658209,8,0,0
f0519a435,1,1,0
f0519a435,2,1,0
f0519a435,3,0,0
f0519a435,4,0,0
f0519a435,5,0,0
f0519a435,6,0,0
f0519a435,7,0,0
f0519a435,8,0,0
f14aac30c,1,3,0
f14aac30c,2,1,0
f14aac30c,3,0,0
f14aac30c,4,0,0
f14aac30c,5,0,0
f14aac30c,6,0,0
f14aac30c,7,0,0
f14aac30c,8,0,0
f84bc5730,1,0,0
f84bc5730,2,1,0
f84bc5730,3,0,0
f84bc5730,4,0,0
f84bc5730,5,0,0
f84bc5730,6,0,0
f84bc5730,7,0,0
f84bc5730,8,0,0
06c894610,1,5,0
06c894610,2,6,5
06c894610,3,2,0
06c894610,4,2,0
06c894610,5,0,0
06c894610,6,0,0
06c894610,7,0,0
06c894610,8,0,0
0deaecac0,1,1,0
0deaecac0,2,0,0
0deaecac0,3,0,0
0deaecac0,4,0,0
0deaecac0,5,0,0
0deaecac0,6,0,0
0deaecac0,7,0,0
0deaecac0,8,0,0
0df2a3e83,1,0,0
0df2a3e83,2,0,0
0df2a3e83,3,0,0
0df2a3e83,4,0,0
0df2a3e83,5,0,0
0df2a3e83,6,0,0
0df2a3e83,7,0,0
0df2a3e83,8,0,0
1432cf5bc,1,0,0
1432cf5bc,2,0,0
1432cf5bc,3,0,0
1432cf5bc,4,2,0
1432cf5bc,5,0,0
1432cf5bc,6,0,0
1432cf5bc,7,0,0
1432cf5bc,8,0,0
14b635cf6,1,1,0
14b635cf6,2,0,0
14b635cf6,3,0,0
14b635cf6,4,0,0
14b635cf6,5,0,0
14b635cf6,6,0,0
14b635cf6,7,0,0
14b635cf6,8,0,0
1a2b3c4d5,1,0,0
1a2b3c4d5,2,0,0
1a2b3c4d5,3,0,0
1a2b3c4d5,4,0,0
1a2b3c4d5,5,2,0
1a2b3c4d5,6,1,0
1a2b3c4d5,7,0,0
1a2b3c4d5,8,2,2
1b15cc98b,1,5,3
1b15cc98b,2,3,8
1b15cc98b,3,5,0
1b15cc98b,4,2,0
1b15cc98b,5,4,15
1b15cc98b,6,1,4
1b15cc98b,7,0,0
1b15cc98b,8,0,0
1b1f8c580,1,2,0
1b1f8c580,2,0,0
1b1f8c580,3,0,0
1b1f8c580,4,0,0
1b1f8c580,5,0,0
1b1f8c580,6,0,0
1b1f8c580,7,0,0
1b1f8c580,8,0,0
24040b457,1,1,0
24040b457,2,0,0
24040b457,3,0,0
24040b457,4,0,0
24040b457,5,0,0
24040b457,6,0,0
24040b457,7,0,0
24040b457,8,0,0
241b13d90,1,1,0
241b13d90,2,0,0
241b13d90,3,0,0
241b13d90,4,0,0
241b13d90,5,0,0
241b13d90,6,0,0
241b13d90,7,0,0
241b13d90,8,0,0
25ae63868,1,0,0
25ae63868,2,0,0
25ae63868,3,0,0
25ae63868,4,0,0
25ae63868,5,0,0
25ae63868,6,0,0
25ae63868,7,0,0
25ae63868,8,0,0
28b8f3b28,1,0,0
28b8f3b28,2,0,0
28b8f3b28,3,0,0
28b8f3b28,4,0,0
28b8f3b28,5,0,0
28b8f3b28,6,0,0
28b8f3b28,7,0,0
28b8f3b28,8,0,0
290f68400,1,2,6
290f68400,2,2,0
290f68400,3,0,0
290f68400,4,0,0
290f68400,5,0,0
290f68400,6,2,0
290f68400,7,0,0
290f68400,8,1,0
29b5f76de,1,0,0
29b5f76de,2,0,0
29b5f76de,3,0,0
29b5f76de,4,0,0
29b5f76de,5,0,0
29b5f76de,6,0,0
29b5f76de,7,0,0
29b5f76de,8,0,0
2e650f182,1,4,0
2e650f182,2,2,0
2e650f182,3,3,0
2e650f182,4,5,11
2e650f182,5,6,0
2e650f182,6,4,10
2e650f182,7,0,0
2e650f182,8,3,0
3129c5df4,1,3,0
3129c5df4,2,1,0
3129c5df4,3,1,0
3129c5df4,4,0,0
3129c5df4,5,0,0
3129c5df4,6,0,0
3129c5df4,7,0,0
3129c5df4,8,0,0
43a1176a0,1,4,14
43a1176a0,2,1,1
43a1176a0,3,4,18
43a1176a0,4,6,65
43a1176a0,5,4,0
43a1176a0,6,4,0
43a1176a0,7,0,0
43a1176a0,8,4,30
447d58a4a,1,1,0
447d58a4a,2,0,0
447d58a4a,3,0,0
447d58a4a,4,0,0
447d58a4a,5,0,0
447d58a4a,6,0,0
447d58a4a,7,0,0
447d58a4a,8,0,0
49a024d24,1,1,0
49a024d24,2,0,0
49a024d24,3,0,0
49a024d24,4,0,0
49a024d24,5,0,0
49a024d24,6,0,0
49a024d24,7,0,0
49a024d24,8,0,0
4d25d3ae6,1,0,0
4d25d3ae6,2,1,0
4d25d3ae6,3,0,0
4d25d3ae6,4,0,0
4d25d3ae6,5,0,0
4d25d3ae6,6,0,0
4d25d3ae6,7,0,0
4d25d3ae6,8,0,0
4f216a88f,1,0,0
4f216a88f,2,0,0
4f216a88f,3,0,0
4f216a88f,4,0,0
4f216a88f,5,0,0
4f216a88f,6,0,0
4f216a88f,7,0,0
4f216a88f,8,0,0
52b352f01,1,1,0
52b352f01,2,0,0
52b352f01,3,0,0
52b352f01,4,0,0
52b352f01,5,0,0
52b352f01,6,0,0
52b352f01,7,0,0
52b352f01,8,0,0
530dc442d,1,3,27
530dc442d,2,6,128
530dc442d,3,6,102
530dc442d,4,7,303
530dc442d,5,6,20
530dc442d,6,7,61
530dc442d,7,0,0
530dc442d,8,4,154
576c02e4a,1,0,0
576c02e4a,2,0,0
576c02e4a,3,1,0
576c02e4a,4,0,0
576c02e4a,5,0,0
576c02e4a,6,0,0
576c02e4a,7,0,0
576c02e4a,8,0,0
58313777a,1,3,0
58313777a,2,2,0
58313777a,3,3,0
58313777a,4,1,0
58313777a,5,0,0
58313777a,6,1,0
58313777a,7,0,0
58313777a,8,0,0
5a8d65597,1,0,0
5a8d65597,2,0,0
5a8d65597,3,4,0
5a8d65597,4,6,186
5a8d65597,5,2,0
5a8d65597,6,1,0
5a8d65597,7,0,0
5a8d65597,8,0,0
5d57ea410,1,1,0
5d57ea410,2,0,0
5d57ea410,3,0,0
5d57ea410,4,0,0
5d57ea410,5,0,0
5d57ea410,6,0,0
5d57ea410,7,0,0
5d57ea410,8,0,0
5e0b5e21d,1,0,0
5e0b5e21d,2,0,0
5e0b5e21d,3,1,0
5e0b5e21d,4,0,0
5e0b5e21d,5,0,0
5e0b5e21d,6,0,0
5e0b5e21d,7,0,0
5e0b5e21d,8,0,0
61bdbe9c0,1,3,19
61bdbe9c0,2,5,142
61bdbe9c0,3,6,47
61bdbe9c0,4,6,14
61bdbe9c0,5,5,9
61bdbe9c0,6,1,0
61bdbe9c0,7,0,0
61bdbe9c0,8,0,0
66684cd34,1,2,0
66684cd34,2,0,0
66684cd34,3,0,0
66684cd34,4,1,0
66684cd34,5,0,0
66684cd34,6,0,0
66684cd34,7,0,0
66684cd34,8,0,0
669b7b0fe,1,1,0
669b7b0fe,2,0,0
669b7b0fe,3,0,0
669b7b0fe,4,0,0
669b7b0fe,5,0,0
669b7b0fe,6,0,0
669b7b0fe,7,0,0
669b7b0fe,8,0,0
67bc7a71c,1,3,0
67bc7a71c,2,0,0
67bc7a71c,3,0,0
67bc7a71c,4,0,0
67bc7a71c,5,0,0
67bc7a71c,6,0,0
67bc7a71c,7,0,0
67bc7a71c,8,0,0
681e10d18,1,2,0
681e10d18,2,0,0
681e10d18,3,0,0
681e10d18,4,0,0
681e10d18,5,0,0
681e10d18,6,0,0
681e10d18,7,0,0
681e10d18,8,0,0
6e1ffbb96,1,4,0
6e1ffbb96,2,3,0
6e1ffbb96,3,4,16
6e1ffbb96,4,4,0
6e1ffbb96,5,4,3
6e1ffbb96,6,2,0
6e1ffbb96,7,0,0
6e1ffbb96,8,2,0
711e5927b,1,4,0
711e5927b,2,0,0
711e5927b,3,0,0
711e5927b,4,0,0
711e5927b,5,0,0
711e5927b,6,0,0
711e5927b,7,0,0
711e5927b,8,0,0
739284e3d,1,0,0
739284e3d,2,0,0
739284e3d,3,0,0
739284e3d,4,0,0
739284e3d,5,0,0
739284e3d,6,0,0
739284e3d,7,0,0
739284e3d,8,0,0
765a66baf,1,3,0
765a66baf,2,2,0
765a66baf,3,0,0
765a66baf,4,0,0
765a66baf,5,0,0
765a66baf,6,0,0
765a66baf,7,0,0
765a66baf,8,0,0
81b4aeaae,1,7,118
81b4aeaae,2,5,123
81b4aeaae,3,7,35
81b4aeaae,4,7,97
81b4aeaae,5,3,0
81b4aeaae,6,5,76
81b4aeaae,7,0,0
81b4aeaae,8,4,46
843617da0,1,3,0
843617da0,2,0,0
843617da0,3,1,0
843617da0,4,0,0
843617da0,5,0,0
843617da0,6,0,0
843617da0,7,0,0
843617da0,8,0,0
843c87f46,1,1,0
843c87f46,2,0,0
843c87f46,3,0,0
843c87f46,4,0,0
843c87f46,5,0,0
843c87f46,6,0,0
843c87f46,7,0,0
843c87f46,8,0,0
84a2beac0,1,1,0
84a2beac0,2,0,0
84a2beac0,3,0,0
84a2beac0,4,0,0
84a2beac0,5,0,0
84a2beac0,6,0,0
84a2beac0,7,0,0
84a2beac0,8,0,0
8972a5d80,1,2,0
8972a5d80,2,2,0
8972a5d80,3,0,0
8972a5d80,4,1,0
8972a5d80,5,1,0
8972a5d80,6,1,0
8972a5d80,7,0,0
8972a5d80,8,0,0
8bd77ca12,1,3,0
8bd77ca12,2,3,4
8bd77ca12,3,4,0
8bd77ca12,4,4,112
8bd77ca12,5,5,13
8bd77ca12,6,7,202
8bd77ca12,7,0,0
8bd77ca12,8,4,93
8c160a3e0,1,0,0
8c160a3e0,2,2,0
8c160a3e0,3,0,0
8c160a3e0,4,0,0
8c160a3e0,5,0,0
8c160a3e0,6,0,0
8c160a3e0,7,0,0
8c160a3e0,8,0,0
99a674c70,1,2,8
99a674c70,2,3,15
99a674c70,3,4,41
99a674c70,4,4,59
99a674c70,5,4,0
99a674c70,6,6,50
99a674c70,7,0,0
99a674c70,8,2,44
9fea395f4,1,2,0
9fea395f4,2,1,0
9fea395f4,3,2,0
9fea395f4,4,0,0
9fea395f4,5,1,0
9fea395f4,6,0,0
9fea395f4,7,0,0
9fea395f4,8,1,0
a29396f60,1,3,0
a29396f60,2,0,0
a29396f60,3,0,0
a29396f60,4,0,0
a29396f60,5,0,0
a29396f60,6,0,0
a29396f60,7,0,0
a29396f60,8,0,0
a9a0c14da,1,0,0
a9a0c14da,2,0,0
a9a0c14da,3,0,0
a9a0c14da,4,0,0
a9a0c14da,5,0,0
a9a0c14da,6,0,0
a9a0c14da,7,0,0
a9a0c14da,8,0,0
abcde6789,1,2,0
abcde6789,2,3,0
abcde6789,3,3,0
abcde6789,4,2,0
abcde6789,5,1,0
abcde6789,6,1,0
abcde6789,7,0,0
abcde6789,8,0,0
b562b0600,1,1,0
b562b0600,2,0,0
b562b0600,3,0,0
b562b0600,4,0,0
b562b0600,5,0,0
b562b0600,6,0,0
b562b0600,7,0,0
b562b0600,8,0,0
b6f6f90f4,1,1,0
b6f6f90f4,2,0,0
b6f6f90f4,3,0,0
b6f6f90f4,4,0,0
b6f6f90f4,5,0,0
b6f6f90f4,6,0,0
b6f6f90f4,7,0,0
b6f6f90f4,8,0,0
b8f49e310,1,1,0
b8f49e310,2,1,0
b8f49e310,3,2,0
b8f49e310,4,0,0
b8f49e310,5,0,0
b8f49e310,6,0,0
b8f49e310,7,0,0
b8f49e310,8,0,0
bcb418906,1,1,0
bcb418906,2,3,34
bcb418906,3,3,0
bcb418906,4,4,0
bcb418906,5,1,0
bcb418906,6,3,0
bcb418906,7,0,0
bcb418906,8,0,0
c0fe8de08,1,1,0
c0fe8de08,2,0,0
c0fe8de08,3,0,0
c0fe8de08,4,0,0
c0fe8de08,5,0,0
c0fe8de08,6,0,0
c0fe8de08,7,0,0
c0fe8de08,8,0,0
c640d6860,1,1,0
c640d6860,2,0,0
c640d6860,3,0,0
c640d6860,4,0,0
c640d6860,5,0,0
c640d6860,6,0,0
c640d6860,7,0,0
c640d6860,8,0,0
cce198a54,1,1,0
cce198a54,2,1,0
cce198a54,3,0,0
cce198a54,4,0,0
cce198a54,5,0,0
cce198a54,6,0,0
cce198a54,7,0,0
cce198a54,8,0,0
d55c77050,1,4,0
d55c77050,2,4,15
d55c77050,3,6,0
d55c77050,4,3,0
d55c77050,5,2,0
d55c77050,6,1,0
d55c77050,7,0,0
d55c77050,8,2,0
db920f9e6,1,7,37
db920f9e6,2,6,22
db920f9e6,3,1,0
db920f9e6,4,0,0
db920f9e6,5,0,0
db920f9e6,6,0,0
db920f9e6,7,0,0
db920f9e6,8,0,0
de4e8e3b2,1,0,0
de4e8e3b2,2,0,0
de4e8e3b2,3,0,0
de4e8e3b2,4,0,0
de4e8e3b2,5,0,0
de4e8e3b2,6,0,0
de4e8e3b2,7,0,0
de4e8e3b2,8,0,0
e42658209,1,2,0
e42658209,2,0,0
e42658209,3,0,0
e42658209,4,0,0
e42658209,5,0,0
e42658209,6,0,0
e42658209,7,0,0
e42658209,8,0,0
f0519a435,1,1,0
f0519a435,2,1,0
f0519a435,3,0,0
f0519a435,4,0,0
f0519a435,5,0,0
f0519a435,6,0,0
f0519a435,7,0,0
f0519a435,8,0,0
f14aac30c,1,3,0
f14aac30c,2,1,0
f14aac30c,3,0,0
f14aac30c,4,0,0
f14aac30c,5,0,0
f14aac30c,6,0,0
f14aac30c,7,0,0
f14aac30c,8,0,0
f84bc5730,1,0,0
f84bc5730,2,1,0
f84bc5730,3,0,0
f84bc5730,4,0,0
f84bc5730,5,0,0
f84bc5730,6,0,0
f84bc5730,7,0,0
f84bc5730,8,0,0
